0.103061914444
0.10293507576
0.102946043015
0.103072881699
0.102979898453
0.103394985199
0.102934122086
0.103161096573
0.102974891663
0.102957963943
0.103319883347
0.102881908417
0.102618932724
0.102901935577
0.102603912354
0.102607011795
0.103189945221
0.102690935135
0.102651119232
0.103144884109
0.102872133255
0.102802991867
0.102671861649
0.102634906769
0.102889060974
0.102682113647
0.102618932724
0.102765083313
0.102734804153
0.102838039398
0.102905988693
0.102782011032
0.102632045746
0.102757930756
0.10276389122
0.102657079697
0.102653980255
0.102626800537
0.102640867233
0.10275888443
0.102663040161
0.102813005447
0.102673053741
0.102808952332
0.102691173553
0.102803945541
0.102792024612
0.102669000626
0.102645874023
0.10270690918
0.102669000626
0.102777004242
0.102735996246
0.102747917175
0.102689027786
0.102762937546
0.102679014206
0.102832078934
0.102655887604
0.102602958679
0.10268497467
0.102710962296
0.102728843689
0.102668046951
0.102748155594
0.102789163589
0.102916955948
0.102717876434
0.102710962296
0.102906942368
0.10268497467
0.102694988251
0.102728843689
0.102621078491
0.102839946747
0.102637052536
0.102783918381
0.10263299942
0.102694988251
0.102693080902
0.102666139603
0.102834939957
0.102680921555
0.102962017059
0.102670907974
0.102639198303
0.102628946304
0.102663993835
0.102585077286
0.102605104446
0.102717161179
0.102735996246
0.10262799263
0.102672100067
0.102694988251
0.102609872818
0.10263299942
0.102689981461
0.102807044983
0.102713823318
0.102644920349
0.102702856064
0.10289311409
0.102737188339
0.102709054947
0.102658987045
0.102757930756
0.102677106857
0.102694988251
0.102654933929
0.102738142014
0.10261797905
0.102680921555
0.102694988251
0.102801084518
0.10284280777
0.102690935135
0.102717876434
0.102816104889
0.102769851685
0.10266494751
0.10259103775
0.102719068527
0.102971792221
0.10267496109
0.102767944336
0.102688074112
0.102700948715
0.102737903595
0.10271191597
0.102710008621
0.102953910828
0.102766990662
0.102725028992
0.102717876434
0.10271692276
0.102631807327
0.10281419754
0.10271692276
0.102607965469
0.102797985077
0.102736949921
0.102668046951
0.102715015411
0.102660894394
0.102813005447
0.102777004242
0.102843046188
0.102792024612
0.102755069733
0.102993965149
0.102689027786
0.102787971497
0.10281085968
0.102634906769
0.102622032166
0.102673053741
0.102827787399
0.102735996246
0.102651119232
0.102604150772
0.10272192955
0.102843046188
0.10282087326
0.102635860443
0.102690935135
0.102698087692
0.102703094482
0.102641105652
0.102690935135
0.102801084518
0.102670907974
0.102699995041
0.102798938751
0.102653980255
0.102802038193
0.102708101273
0.102652072906
0.10272192955
0.10265994072
0.102817058563
0.102807044983
0.102663040161
0.102661132812
0.102591991425
0.102705955505
0.102665901184
0.102761983871
0.102761030197
0.102806091309
0.10273194313
0.102621078491
0.102879047394
0.10258102417
0.102663993835
0.102688074112
0.102606058121
0.102556943893
0.102576971054
0.10267496109
0.102699041367
0.102580785751
0.102654933929
0.102666139603
0.102723121643
0.102637052536
0.102710008621
0.102868795395
0.102684020996
0.102645874023
0.102560043335
0.102669000626
0.102892875671
0.102707147598
0.102874994278
0.102828025818
0.102749109268
0.102802991867
0.102715015411
0.102642059326
0.102622032166
0.102718114853
0.102607965469
0.102685928345
0.102623939514
0.102759122849
0.102817058563
0.102729082108
0.102736949921
0.102660894394
0.102713108063
0.10270690918
0.10273194313
0.102675914764
0.103110074997
0.102681875229
0.102632045746
0.10261797905
0.10262799263
0.102770090103
0.102623939514
0.102607011795
0.102879047394
0.10262799263
0.10284113884
0.10272693634
0.102697134018
0.102669000626
0.102737903595
0.102709054947
0.102688074112
0.102559089661
0.102637052536
0.10273194313
0.102715015411
0.102623939514
0.102890014648
0.102709770203
0.102817058563
0.102699041367
0.102766036987
0.102779865265
0.102703809738
0.102620840073
0.102710962296
0.102868795395
0.103214025497
0.102785825729
0.102678060532
0.102657079697
0.102710962296
0.102545022964
0.102560043335
0.10262799263
0.10274887085
0.102886915207
0.102653980255
0.102575063705
0.102687835693
0.102705001831
0.102705001831
0.102607011795
0.10263299942
0.102613210678
0.10281920433
0.102609157562
0.102809906006
0.102660179138
0.102705001831
0.102707862854
0.102662086487
0.10270690918
0.102827072144
0.102609157562
0.10267496109
0.102606058121
0.102566003799
0.102718830109
0.102762937546
0.102558851242
0.102541923523
0.102666854858
0.102756977081
0.10270690918
0.102557182312
0.103050947189
0.102603912354
0.102747917175
0.1026699543
0.102602005005
0.102667093277
0.10270190239
0.102663993835
0.102896213531
0.10259604454
0.102751016617
0.102689981461
0.10265994072
0.102616071701
0.102704048157
0.102720975876
0.102724075317
0.102724075317
0.102770805359
0.102725982666
0.102636814117
0.102658033371
0.102993965149
0.102792024612
0.102725982666
0.102735042572
0.102630853653
0.102671861649
0.102679014206
0.102580070496
0.102648019791
0.102654933929
0.102602005005
0.102756977081
0.102605104446
0.10259103775
0.102707862854
0.102623939514
0.102571964264
0.10261797905
0.102640151978
0.102612018585
0.102612018585
0.102561950684
0.102615118027
0.10273194313
0.102583885193
0.102620124817
0.102704048157
0.102715015411
0.102653980255
0.102630853653
0.102730035782
0.102642059326
0.102759122849
0.102621078491
0.102870941162
0.102713108063
0.103183031082
0.102681159973
0.102560043335
0.102780103683
0.10265994072
0.10263299942
0.102638959885
0.102570056915
0.102606058121
0.102606058121
0.102734088898
0.102756977081
0.102741003036
0.10271692276
0.102570056915
0.103050947189
0.103008031845
0.102808952332
0.10274887085
0.102699041367
0.102784872055
0.102612018585
0.102736949921
0.102689981461
0.102858066559
0.102663040161
0.102777957916
0.102679014206
0.102626085281
0.102792024612
0.102756977081
0.102594852448
0.102621793747
0.102685928345
0.102760076523
0.102854967117
0.102644920349
0.102817058563
0.10285615921
0.102640867233
0.102566957474
0.10267496109
0.102829933167
0.102652072906
0.102682113647
0.102669000626
0.102735996246
0.102583169937
0.102594852448
0.102859973907
0.102628946304
0.102704048157
0.102781057358
0.10285615921
0.102708101273
0.102690935135
0.102779150009
0.102818012238
0.102731227875
0.103106021881
0.102667808533
0.102719068527
0.102797031403
0.102725982666
0.102622032166
0.102743148804
0.102803945541
0.102749109268
0.102648019791
0.102762937546
0.102665185928
0.102667093277
0.102676153183
0.102607965469
0.102709054947
0.102735996246
0.102700948715
0.102666139603
0.10263299942
0.10267996788
0.102778196335
0.102662801743
0.102651119232
0.103104114532
0.102699995041
0.102684020996
0.102723836899
0.102613925934
0.10271191597
0.102625846863
0.10267496109
0.102713108063
0.102643966675
0.102707862854
0.102717876434
0.102873086929
0.10275387764
0.10285115242
0.102690935135
0.102797985077
0.102878093719
0.102652072906
0.102650880814
0.102545022964
0.102685928345
0.102656126022
0.102557897568
0.102741003036
0.102741003036
0.102682828903
0.102661848068
0.102651119232
0.102594852448
0.102626085281
0.102628946304
0.102614164352
0.102611064911
0.1027739048
0.102729082108
0.102638959885
0.102548837662
0.10276889801
0.102695941925
0.102618217468
0.102688074112
0.102618217468
0.102709054947
0.102746009827
0.102696895599
0.102920055389
0.102654933929
0.102613925934
0.102666854858
0.102827072144
0.102652072906
0.102610111237
0.102698802948
0.102715015411
0.102694034576
0.102645874023
0.102666854858
0.102661848068
0.10329413414
0.102638959885
0.102795124054
0.10258102417
0.10263800621
0.102634906769
0.102607965469
0.102647781372
0.102669000626
0.102707862854
0.102704048157
0.102792024612
0.102708101273
0.102620124817
0.102545976639
0.102514028549
0.102577924728
0.102625846863
0.102620124817
0.102666854858
0.102540969849
0.10273194313
0.102728128433
0.10262799263
0.102687120438
0.102621078491
0.102869033813
0.102608919144
0.102740049362
0.10276222229
0.102775096893
0.102575063705
0.10267996788
0.102634191513
0.102740764618
0.102722883224
0.102600812912
0.102610826492
0.102598905563
0.102557897568
0.102587938309
0.10267496109
0.102702140808
0.102910041809
0.102551937103
0.102607011795
0.10267996788
0.10273194313
0.102685928345
0.102689027786
0.102788925171
0.102642059326
0.102710962296
0.102536916733
0.102669000626
0.102648973465
0.102658987045
0.102784872055
0.102603912354
0.102655887604
0.102587938309
0.102779150009
0.102757930756
0.102805137634
0.10258603096
0.102715969086
0.102699041367
0.102571964264
0.102607011795
0.102694988251
0.102761983871
0.102591991425
0.102578163147
0.102560043335
0.102598905563
0.102694034576
0.102614879608
0.102733135223
0.102597951889
0.10263299942
0.102688074112
0.102637052536
0.102641105652
0.102699995041
0.102629899979
0.102677822113
0.102634906769
0.102632045746
0.102669000626
0.102756977081
0.102692842484
0.102600097656
0.102607011795
0.102648973465
0.102705001831
0.10261297226
0.102821111679
0.102639913559
0.102596998215
0.102621078491
0.102590799332
0.1026699543
0.102628946304
0.102718830109
0.102897882462
0.10270190239
0.102541923523
0.102641105652
0.102672100067
0.102716207504
0.102643013
0.102818012238
0.10258102417
0.102692127228
0.102849006653
0.102626085281
0.102643966675
0.102760791779
0.102767944336
0.102761030197
0.102566003799
0.102632045746
0.102642059326
0.102854013443
0.10254406929
0.10261797905
0.102612018585
0.102671146393
0.102751016617
0.10270190239
0.102711200714
0.102702856064
0.102645158768
0.10262298584
0.102694988251
0.102555036545
0.102822065353
0.10267996788
0.102718114853
0.102576971054
0.102644920349
0.102597951889
0.10267496109
0.102620124817
0.102749824524
0.102704048157
0.102754116058
0.102586984634
0.102862119675
0.102707862854
0.102714061737
0.102658987045
0.10262298584
0.102847099304
0.10266494751
0.102728843689
0.102666139603
0.102631092072
0.102607011795
0.10261797905
0.102641105652
0.102771043777
0.102754831314
0.102776050568
0.102737903595
0.102813005447
0.102547168732
0.102597951889
0.102663993835
0.102732896805
0.102704048157
0.102578878403
0.102767944336
0.102740049362
0.10262799263
0.102657079697
0.102608919144
0.102560043335
0.102601051331
0.102642059326
0.102548122406
0.102609157562
0.10283613205
0.102572917938
0.102536201477
0.102639913559
0.102635860443
0.102665185928
0.102658987045
0.102705955505
0.102730989456
0.102582931519
0.102683782578
0.102713108063
0.102644920349
0.102550983429
0.102635145187
0.102666139603
0.102607965469
0.102603912354
0.102606058121
0.102621078491
0.102622032166
0.102657079697
0.102708101273
0.10272693634
0.102821111679
0.102646827698
0.102643966675
0.10258603096
0.102661132812
0.10275888443
0.102596998215
0.102569103241
0.102657079697
0.102688074112
0.102655887604
0.10259103775
0.102594852448
0.102787017822
0.102679014206
0.102663993835
0.102653026581
0.102602005005
0.102646112442
0.102835178375
0.102766990662
0.102584838867
0.102712154388
0.102653026581
0.10270690918
0.102679014206
0.102569103241
0.102699995041
0.102684020996
0.102641820908
0.102736949921
0.102578878403
0.102705001831
0.102672815323
0.102989912033
0.102818012238
0.102519035339
0.102569103241
0.102596998215
0.102892160416
0.102619886398
0.102607011795
0.102761030197
0.102596998215
0.102565050125
0.10257601738
0.102556943893
0.102597951889
0.102619886398
0.10279417038
0.102720022202
0.102669000626
0.102620124817
0.102658033371
0.102609872818
0.102967023849
0.102676868439
0.102730035782
0.102671146393
0.102632045746
0.102655887604
0.102669000626
0.102607011795
0.10261297226
0.102677106857
0.1027739048
0.102641820908
0.10259103775
0.102658033371
0.102586984634
0.102535963058
0.102643013
0.102732896805
0.102537870407
0.102776050568
0.102555990219
0.102569103241
0.102566003799
0.102543115616
0.102550029755
0.102642059326
0.102694034576
0.102613925934
0.102735996246
0.102615118027
0.102608919144
0.102640867233
0.102610111237
0.102608919144
0.102698087692
0.10265994072
0.10265994072
0.102723836899
0.102605104446
0.102527856827
0.102681159973
0.102594852448
0.102718114853
0.102715015411
0.102641820908
0.102679014206
0.102608203888
0.102656126022
0.102713823318
0.102719068527
0.102689027786
0.102637052536
0.102540969849
0.102738857269
0.102729082108
0.102658987045
0.102567195892
0.102710962296
0.102626800537
0.102670192719
0.102740049362
0.102588176727
0.102614879608
0.102660179138
0.102573871613
0.102608919144
0.102602958679
0.10263800621
0.102654933929
0.102694988251
0.102569103241
0.102674007416
0.102877140045
0.102702856064
0.102705001831
0.102788925171
0.102630138397
0.102699041367
0.102660894394
0.102725028992
0.102725982666
0.102524995804
0.102897882462
0.102608919144
0.102865934372
0.102816104889
0.102648019791
0.102689981461
0.102590799332
0.102777957916
0.102591991425
0.102648973465
0.102591991425
0.10261797905
0.102669000626
0.10267496109
0.102710008621
0.102932929993
0.10267996788
0.102749109268
0.102818012238
0.102790117264
0.102668046951
0.102640151978
0.102727890015
0.102614879608
0.102559804916
0.102607011795
0.102733135223
0.10276222229
0.102603912354
0.102751016617
0.102710008621
0.10267996788
0.102567195892
0.102605104446
0.102670907974
0.102605104446
0.102604150772
0.102585077286
0.102729797363
0.102613210678
0.102654933929
0.102698087692
0.102645874023
0.102782964706
0.102720022202
0.102787971497
0.102628946304
0.102669000626
0.102803945541
0.102787017822
0.102663040161
0.102568864822
0.102633953094
0.102663993835
0.102733135223
0.102658033371
0.102694034576
0.102697134018
0.102730035782
0.102780103683
0.102705001831
0.102653980255
0.10263299942
0.102780103683
0.102823972702
0.10271191597
0.102708101273
0.102769136429
0.102714061737
0.102827072144
0.103006839752
0.102833986282
0.102624893188
0.102833032608
0.102671861649
0.102696895599
0.102680206299
0.102656126022
0.102690935135
0.102711200714
0.102694034576
0.102666854858
0.102699995041
0.102667093277
0.102687835693
0.102585077286
0.102825880051
0.102717876434
0.102833032608
0.102843999863
0.102545022964
0.102639913559
0.102797985077
0.102663993835
0.102735042572
0.102662086487
0.102686166763
0.102688789368
0.102849960327
0.10259604454
0.102853059769
0.102807998657
0.102740049362
0.102695941925
0.102854967117
0.102625131607
0.102787971497
0.102761030197
0.102807998657
0.102718830109
0.102685928345
0.10275387764
0.102745056152
0.102689027786
0.102666139603
0.102697134018
0.102728128433
0.102573156357
0.102645158768
0.102785110474
0.102740049362
0.102734088898
0.102779865265
0.102730989456
0.102611064911
0.102752923965
0.102751970291
0.102802038193
0.102656126022
0.10263299942
0.10259103775
0.102728843689
0.102931022644
0.102714061737
0.102717876434
0.10280585289
0.102749824524
0.102621078491
0.10275387764
0.102804899216
0.102672100067
0.103090047836
0.102653980255
0.102692127228
0.102598905563
0.102633953094
0.102624177933
0.10270190239
0.102583169937
0.102642059326
0.102723121643
0.102745056152
