0.0926299095154
0.0922038555145
0.0924458503723
0.0921270847321
0.092166185379
0.0920379161835
0.0921270847321
0.0918788909912
0.0921289920807
0.0923249721527
0.0920739173889
0.0920300483704
0.0923140048981
0.0917148590088
0.091668844223
0.091735124588
0.0915908813477
0.0917479991913
0.0920720100403
0.0916080474854
0.0917589664459
0.0916829109192
0.0918281078339
0.0917549133301
0.0918009281158
0.0918560028076
0.0916230678558
0.0916540622711
0.0919380187988
0.0918121337891
0.0916700363159
0.0917210578918
0.0917389392853
0.0918829441071
0.0918259620667
0.0917398929596
0.091689825058
0.0918629169464
0.0918321609497
0.091677904129
0.0917921066284
0.0916788578033
0.0917558670044
0.0918629169464
0.0917980670929
0.0917298793793
0.0923528671265
0.0918657779694
0.091689825058
0.0916519165039
0.0918231010437
0.0917780399323
0.091814994812
0.091735124588
0.0916900634766
0.0918521881104
0.091686964035
0.0917181968689
0.0917160511017
0.0917239189148
0.0917420387268
0.0920920372009
0.0916931629181
0.0917971134186
0.0917840003967
0.0917229652405
0.0917630195618
0.091933965683
0.091686964035
0.0916910171509
0.0917279720306
0.0918409824371
0.0916230678558
0.0917298793793
0.0916619300842
0.0917448997498
0.0917549133301
0.0916700363159
0.0916218757629
0.0917949676514
0.0916860103607
0.0916860103607
0.0916600227356
0.0915908813477
0.0918219089508
0.0917739868164
0.09170794487
0.0918629169464
0.0918569564819
0.0918688774109
0.0918991565704
0.0917680263519
0.0916171073914
0.0924201011658
0.091735124588
0.0917410850525
0.0916919708252
0.0919010639191
0.0916838645935
0.0916540622711
0.0917119979858
0.091747045517
0.0916118621826
0.0918200016022
0.0916540622711
0.0917630195618
0.0918991565704
0.0917320251465
0.0917489528656
0.091747045517
0.0917010307312
0.091698884964
0.0917160511017
0.091637134552
0.0917880535126
0.0916872024536
0.0917840003967
0.0916390419006
0.0916721820831
0.091826915741
0.0916299819946
0.0916759967804
0.0917570590973
0.0916829109192
0.0918300151825
0.0916378498077
0.0919280052185
0.0916650295258
0.0916810035706
0.0918049812317
0.0916829109192
0.0916969776154
0.091756105423
0.0917320251465
0.0918848514557
0.0917940139771
0.091686964035
0.0917499065399
0.0917999744415
0.0916459560394
0.0916209220886
0.0916910171509
0.0916991233826
0.0916438102722
0.0917589664459
0.0918769836426
0.0916509628296
0.091588973999
0.0916550159454
0.0916600227356
0.0917229652405
0.0916879177094
0.0916090011597
0.0917959213257
0.0917801856995
0.0916819572449
0.0917150974274
0.0917129516602
0.0916149616241
0.0917141437531
0.0916991233826
0.091964006424
0.0916519165039
0.0917680263519
0.091784954071
0.0917518138885
0.09161901474
0.0916969776154
0.0924570560455
0.0918719768524
0.0918998718262
0.0917711257935
0.0918099880219
0.0916759967804
0.091639995575
0.0918488502502
0.0918960571289
0.091689825058
0.0918371677399
0.0917930603027
0.0917530059814
0.0917499065399
0.0917661190033
0.0918729305267
0.0916500091553
0.0916810035706
0.091588973999
0.0917248725891
0.0916278362274
0.0917530059814
0.0916409492493
0.0917029380798
0.091826915741
0.0918002128601
0.091814994812
0.0917711257935
0.0917310714722
0.0917098522186
0.0916979312897
0.091747045517
0.0917000770569
0.0917789936066
0.0918569564819
0.0920178890228
0.0917048454285
0.0916929244995
0.0918891429901
0.091943025589
0.0916559696198
0.0916881561279
0.0917911529541
0.0920219421387
0.0916740894318
0.0917551517487
0.09161901474
0.0923240184784
0.091698884964
0.0918171405792
0.0916440486908
0.0917611122131
0.091873884201
0.0916709899902
0.0916278362274
0.091705083847
0.0916450023651
0.091737985611
0.091863155365
0.0918929576874
0.091717004776
0.0918879508972
0.091658115387
0.0917181968689
0.0917499065399
0.0916719436646
0.091717004776
0.0918121337891
0.0916209220886
0.091667175293
0.0917630195618
0.091952085495
0.0917348861694
0.0918381214142
0.091696023941
0.0916719436646
0.0917751789093
0.0918431282043
0.0917739868164
0.0917007923126
0.0916738510132
0.0915939807892
0.0917589664459
0.0918369293213
0.0917131900787
0.0918388366699
0.0916450023651
0.0920119285583
0.0917608737946
0.0917618274689
0.0916771888733
0.091826915741
0.0916998386383
0.0917100906372
0.0919959545135
0.0917339324951
0.0915999412537
0.0918328762054
0.0917010307312
0.091933965683
0.0917870998383
0.0915942192078
0.0916042327881
0.0916409492493
0.0916380882263
0.0918090343475
0.0916631221771
0.0916578769684
0.0917601585388
0.0918550491333
0.0916950702667
0.0918340682983
0.0917081832886
0.0916440486908
0.091639995575
0.0919210910797
0.0917940139771
0.0916759967804
0.0916209220886
0.0917429924011
0.0916440486908
0.0917098522186
0.0917499065399
0.0917239189148
0.0918209552765
0.091814994812
0.0918788909912
0.0916941165924
0.0916640758514
0.0917711257935
0.0918700695038
0.091628074646
0.0917940139771
0.0918669700623
0.0918340682983
0.0918262004852
0.0916430950165
0.0918140411377
0.0916531085968
0.0917069911957
0.0916659832001
0.0916731357574
0.0917809009552
0.0917499065399
0.0921800136566
0.0917360782623
0.0917329788208
0.0916509628296
0.0917840003967
0.0916209220886
0.0915842056274
0.0917448997498
0.0916929244995
0.0919370651245
0.0918910503387
0.0917060375214
0.0918190479279
0.0918018817902
0.0916481018066
0.0917510986328
0.092052936554
0.0917129516602
0.09170794487
0.091696023941
0.0917210578918
0.0916328430176
0.091817855835
0.0916600227356
0.0916738510132
0.0916299819946
0.091912984848
0.0916481018066
0.091570854187
0.0915491580963
0.0917680263519
0.0916471481323
0.0915610790253
0.0916039943695
0.0916569232941
0.0916719436646
0.0918800830841
0.0916519165039
0.0917870998383
0.0916810035706
0.0916211605072
0.0916950702667
0.0916740894318
0.0915970802307
0.0916419029236
0.0916130542755
0.0917031764984
0.0917317867279
0.0916829109192
0.091787815094
0.0917589664459
0.0916509628296
0.0915639400482
0.091481924057
0.0917279720306
0.0916509628296
0.0915849208832
0.0915429592133
0.091628074646
0.0916531085968
0.0917530059814
0.0915219783783
0.0916519165039
0.091677904129
0.0916218757629
0.0916748046875
0.0916950702667
0.0918378829956
0.0916211605072
0.0916969776154
0.0917530059814
0.0916521549225
0.0917298793793
0.0916030406952
0.0916368961334
0.0917029380798
0.0917141437531
0.0916240215302
0.0917088985443
0.0917479991913
0.0916061401367
0.0915720462799
0.091668844223
0.0917389392853
0.0914931297302
0.0916771888733
0.0917339324951
0.091677904129
0.0916881561279
0.0916919708252
0.0916299819946
0.091677904129
0.0919818878174
0.0915908813477
0.0916609764099
0.0916559696198
0.09170794487
0.0917899608612
0.0916488170624
0.0917689800262
0.0916030406952
0.0916409492493
0.0916941165924
0.091747045517
0.0915899276733
0.0916388034821
0.0917971134186
0.0916938781738
0.0916938781738
0.0916550159454
0.0916650295258
0.0917990207672
0.0922150611877
0.0916631221771
0.0917618274689
0.0917530059814
0.0918459892273
0.0915920734406
0.0916719436646
0.0917780399323
0.091726064682
0.0920209884644
0.0917100906372
0.091668844223
0.0921289920807
0.0916569232941
0.0917930603027
0.0917072296143
0.091775894165
0.0917341709137
0.0916998386383
0.0916759967804
0.0916769504547
0.0916950702667
0.0920050144196
0.0916659832001
0.0916919708252
0.0917201042175
0.0916259288788
0.0916380882263
0.0917768478394
0.0918509960175
0.0917370319366
0.0918409824371
0.0916659832001
0.0916929244995
0.0917160511017
0.0918340682983
0.0916349887848
0.0916941165924
0.0919268131256
0.0917282104492
0.0916311740875
0.0916941165924
0.0916359424591
0.0917010307312
0.0916078090668
0.0917649269104
0.0916900634766
0.0918369293213
0.0917539596558
0.0916848182678
0.0917870998383
0.0917539596558
0.0916409492493
0.0916731357574
0.0919198989868
0.0917060375214
0.0918190479279
0.091686964035
0.0920159816742
0.0918669700623
0.09170794487
0.0917890071869
0.0916681289673
0.0919768810272
0.0918049812317
0.091689825058
0.0916528701782
0.0916340351105
0.0916719436646
0.0917229652405
0.0917119979858
0.0916640758514
0.0917420387268
0.0916800498962
0.0916440486908
0.091637134552
0.0916709899902
0.091717004776
0.0916681289673
0.0918128490448
0.0916709899902
0.0916731357574
0.0917191505432
0.0917749404907
0.0916299819946
0.0917160511017
0.0917479991913
0.0917530059814
0.0917232036591
0.0916669368744
0.0916440486908
0.0917139053345
0.0916450023651
0.0917649269104
0.0916640758514
0.091591835022
0.0917658805847
0.0917010307312
0.0917010307312
0.0915729999542
0.0915520191193
0.0916249752045
0.0916349887848
0.091696023941
0.0916650295258
0.0917439460754
0.0919389724731
0.091845035553
0.0915989875793
0.0917320251465
0.0916509628296
0.0918569564819
0.0917131900787
0.0917859077454
0.0917510986328
0.0917148590088
0.0916538238525
0.0917789936066
0.0917501449585
0.0916790962219
0.0916481018066
0.091845035553
0.0916521549225
0.0916759967804
0.0916500091553
0.0916409492493
0.0917880535126
0.0917460918427
0.0917730331421
0.0916810035706
0.0917928218842
0.0918099880219
0.0916750431061
0.0918319225311
0.0916588306427
0.0917341709137
0.0916509628296
0.0916318893433
0.0916998386383
0.0917680263519
0.0920090675354
0.0918049812317
0.0917990207672
0.0916910171509
0.0916979312897
0.0916941165924
0.0918831825256
0.0916409492493
0.0919380187988
0.0918369293213
0.0917229652405
0.091667175293
0.0916738510132
0.0917282104492
0.0917229652405
0.0916509628296
0.0916409492493
0.091658115387
0.0918159484863
0.0916700363159
0.0919170379639
0.0916941165924
0.0917270183563
0.0916600227356
0.0917739868164
0.0917959213257
0.0916450023651
0.0916481018066
0.0918049812317
0.091696023941
0.0918169021606
0.0916321277618
0.0917048454285
0.0916469097137
0.0916619300842
0.0916180610657
0.0917592048645
0.0916910171509
0.0917639732361
0.0918228626251
0.0918080806732
0.0917580127716
0.0917589664459
0.0916330814362
0.0915598869324
0.0917499065399
0.0916049480438
0.0916409492493
0.0917339324951
0.0916578769684
0.0915908813477
0.0921580791473
0.0916600227356
0.0918519496918
0.091628074646
0.0916879177094
0.0917398929596
0.0917119979858
0.0918300151825
0.0918219089508
0.0918090343475
0.0917110443115
0.0917658805847
0.0915329456329
0.091696023941
0.0918979644775
0.0917818546295
0.091639995575
0.0918779373169
0.091698884964
0.0916478633881
0.0918271541595
0.091824054718
0.0915441513062
0.0918900966644
0.0915880203247
0.0918979644775
0.0917179584503
0.0917251110077
0.0915760993958
0.0916941165924
0.0916478633881
0.0916302204132
0.0915529727936
0.0917439460754
0.0916531085968
0.0916719436646
0.0917870998383
0.0916788578033
0.0916080474854
0.0917339324951
0.0916140079498
0.0917401313782
0.0915911197662
0.0916149616241
0.091775894165
0.0918290615082
0.0917029380798
0.091616153717
0.0915820598602
0.0918889045715
0.0916128158569
0.0916790962219
0.0916550159454
0.0917189121246
0.0916430950165
0.0917038917542
0.0916759967804
0.0918679237366
0.0916750431061
0.0916271209717
0.0916020870209
0.0918581485748
0.0916998386383
0.0916891098022
0.0915670394897
0.0918951034546
0.0916829109192
0.0917410850525
0.0918109416962
0.0916130542755
0.0918588638306
0.0918810367584
0.0920038223267
0.0916841030121
0.0917160511017
0.0916459560394
0.0917680263519
0.0916969776154
0.09161901474
0.0917031764984
0.0916719436646
0.0916421413422
0.0916628837585
0.0916750431061
0.0917890071869
0.0917608737946
0.091658115387
0.0916841030121
0.0919141769409
0.0916090011597
0.0916979312897
0.0917718410492
0.0916669368744
0.0919148921967
0.0917339324951
0.0919060707092
0.0916481018066
0.0916929244995
0.0917429924011
0.0917801856995
0.0916969776154
0.091845035553
0.0917649269104
0.0917410850525
0.0918700695038
0.0917479991913
0.0916481018066
0.0916590690613
0.0918309688568
0.0918281078339
0.0917179584503
0.0917201042175
0.0918071269989
0.0917711257935
0.0919001102448
0.0916619300842
0.0916481018066
0.0916450023651
0.0916509628296
0.0918390750885
0.0917980670929
0.0916860103607
0.091696023941
0.0917339324951
0.0917840003967
0.0917229652405
0.0917990207672
0.0915920734406
0.0918519496918
0.091961145401
0.0916481018066
0.0916650295258
0.091833114624
0.0918679237366
0.0916709899902
0.0924918651581
0.0918140411377
0.091705083847
0.0918509960175
0.0915808677673
0.0918190479279
0.0916559696198
0.091598033905
0.0916290283203
0.0916221141815
0.0916500091553
0.0916881561279
0.0917448997498
0.0917048454285
0.0917091369629
0.0916631221771
0.0917999744415
0.0918040275574
0.0917549133301
0.0917658805847
0.0916910171509
0.0917279720306
0.0917108058929
0.0918660163879
0.0917251110077
0.0917320251465
0.0916130542755
0.0917310714722
0.0916359424591
0.0918500423431
0.0916781425476
0.0918109416962
0.091814994812
0.0918600559235
0.0916540622711
0.0917060375214
0.091628074646
0.0916769504547
0.091698884964
0.0916860103607
0.0917921066284
0.0917739868164
0.0917029380798
0.0916638374329
0.0915470123291
0.0918750762939
0.0919082164764
0.0916240215302
0.0916340351105
0.0917069911957
0.091686964035
0.0916230678558
0.0916950702667
0.0918309688568
0.0916650295258
0.0916640758514
0.0916290283203
0.0916619300842
0.0917341709137
0.0916221141815
0.0917320251465
0.0918409824371
0.0916049480438
0.0918128490448
0.0917549133301
0.0918140411377
0.0923161506653
0.091625213623
0.0917119979858
0.0918400287628
0.091658115387
0.091609954834
0.0916512012482
0.091737985611
0.0917038917542
0.0915880203247
0.0916509628296
0.0917918682098
0.0917181968689
0.091756105423
0.0917179584503
0.0918209552765
0.0916731357574
0.0916941165924
0.0917448997498
0.0917870998383
0.0917119979858
0.0917592048645
0.0917479991913
0.0917329788208
0.0917360782623
0.0918140411377
0.0917448997498
0.091609954834
0.0916128158569
0.0917069911957
0.0917999744415
0.0916929244995
0.0917360782623
0.0919859409332
0.0917911529541
0.0916278362274
0.0917119979858
0.0916409492493
0.091726064682
0.0917007923126
0.0917570590973
0.0917770862579
0.0916728973389
0.0918850898743
0.0916638374329
0.0918829441071
0.0916299819946
0.0918259620667
0.0916929244995
0.0918099880219
0.0917959213257
0.0916318893433
0.091765165329
0.0917220115662
0.0917718410492
0.0916810035706
0.0916860103607
0.0916111469269
0.091728925705
0.0916550159454
0.0917489528656
0.0915930271149
0.0916640758514
0.0918011665344
0.0919508934021
0.091677904129
0.0915880203247
0.0917248725891
0.0916879177094
0.0916640758514
0.0917220115662
0.0917279720306
0.0916907787323
0.0917279720306
0.0916748046875
0.091686964035
0.0916841030121
0.0916049480438
0.0917179584503
0.0916290283203
0.0916569232941
0.0917780399323
0.0917599201202
0.0917007923126
0.0917899608612
0.0916957855225
0.0919170379639
0.0918750762939
0.0917119979858
0.0916481018066
0.0916831493378
0.0916929244995
0.0916957855225
0.091591835022
0.0916922092438
0.0916738510132
0.0916140079498
0.0915319919586
0.0916090011597
0.0916149616241
0.0916800498962
0.0916149616241
0.0916209220886
0.0916318893433
0.0915470123291
0.091579914093
0.09170794487
0.0916512012482
0.0916080474854
0.091588973999
0.09161901474
0.0916659832001
0.0916259288788
0.0916769504547
0.0916681289673
0.0915529727936
0.0915520191193
0.0915551185608
0.0915749073029
0.0916202068329
0.0917210578918
0.0915501117706
0.0916600227356
0.0916678905487
0.0917658805847
0.0916469097137
0.0916230678558
0.0917139053345
0.0916039943695
0.0917551517487
0.091689825058
0.0916450023651
0.0916121006012
0.0917999744415
0.0916440486908
0.091737985611
0.0916841030121
0.0916271209717
0.0916478633881
0.091735124588
0.0915780067444
0.0916380882263
0.0916669368744
0.0916910171509
0.0916819572449
0.0917539596558
0.0915958881378
0.0916471481323
0.0917689800262
0.0917019844055
0.0918340682983
0.0917139053345
0.091609954834
0.0918200016022
0.0919859409332
0.0917720794678
0.091863155365
0.0917139053345
0.0917639732361
0.0918159484863
0.0919270515442
0.0917458534241
0.0918040275574
0.0918979644775
0.0919001102448
0.091765165329
0.0917489528656
0.0916998386383
0.0918619632721
0.0917711257935
0.0917611122131
0.0915858745575
0.0916719436646
0.0916469097137
0.0918419361115
0.0918419361115
0.0918748378754
0.0916512012482
0.0916647911072
0.091598033905
0.0915739536285
0.0919969081879
0.0916430950165
0.091991186142
