0.11887216568
0.118582010269
0.118546962738
0.11873292923
0.118545055389
0.11863899231
0.118901968002
0.118598222733
0.118793010712
0.118625879288
0.118676185608
0.118777036667
0.118607997894
0.118669033051
0.118882894516
0.118754863739
0.118585109711
0.118736982346
0.118669986725
0.118863105774
0.118762969971
0.118789196014
0.118714094162
0.118679046631
0.118816137314
0.119114875793
0.118735074997
0.118818044662
0.11878490448
0.118890047073
0.118677854538
0.118684053421
0.118680000305
0.118693828583
0.118722915649
0.118782997131
0.118689060211
0.118692874908
0.118693113327
0.118663787842
0.118692874908
0.118982791901
0.118641138077
0.118810892105
0.118803024292
0.118996858597
0.118760108948
0.119146108627
0.118947029114
0.118943929672
0.118750810623
0.118839025497
0.119081020355
0.118859052658
0.118643045425
0.118808031082
0.118659973145
0.118770122528
0.119145870209
0.119016885757
0.118975162506
0.118710041046
0.11921787262
0.118832826614
0.118890047073
0.11891579628
0.119151830673
0.118802070618
0.118831157684
0.118719100952
0.118653059006
0.118932008743
0.118957996368
0.11896109581
0.118837118149
0.119136095047
0.118826150894
0.119313001633
0.1189661026
0.118752002716
0.1189930439
0.118806838989
0.118684053421
0.11882686615
0.118902921677
0.118791103363
0.118635177612
0.118957042694
0.119085073471
0.118667125702
0.118713855743
0.119230985641
0.118875980377
0.118761062622
0.11872792244
0.119301080704
0.118952989578
0.118877887726
0.118791818619
0.118770122528
0.118798017502
0.11874294281
0.118793964386
0.119132041931
0.119039058685
0.119172096252
0.118711948395
0.119171857834
0.118937969208
0.119369983673
0.119168043137
0.118721961975
0.119065999985
0.118752002716
0.118922948837
0.119048833847
0.119150876999
0.11870598793
0.118767023087
0.118829011917
0.118800878525
0.118849039078
0.118803024292
0.11913895607
0.119020938873
0.118756055832
0.118767976761
0.118683099747
0.118787050247
0.119027853012
0.118808031082
0.119163036346
0.119081020355
0.118652820587
0.119106054306
0.119138002396
0.119173049927
0.118921995163
0.11877989769
0.118710041046
0.118960142136
0.118844985962
0.119106054306
0.118830919266
0.118983030319
0.119007825851
0.118699073792
0.119230985641
0.119231939316
0.118705034256
0.119179964066
0.119053840637
0.118759155273
0.118844985962
0.118812084198
0.118832826614
0.118983030319
0.118880987167
0.118771076202
0.118684053421
0.118719816208
0.118807077408
0.119089126587
0.119196891785
0.118623018265
0.118783950806
0.118680953979
0.11879491806
0.118894100189
0.11890411377
0.118693113327
0.119122982025
0.118834972382
0.118726968765
0.119041919708
0.118709087372
0.118716001511
0.118744850159
0.118677854538
0.118873119354
0.119314908981
0.118757009506
0.119293928146
0.119286060333
0.118966817856
0.118973016739
0.118771076202
0.118770837784
0.118914842606
0.118933200836
0.118642091751
0.118697881699
0.119072914124
0.119298934937
0.118757963181
0.119112968445
0.118870973587
0.119069814682
0.119186878204
0.118875980377
0.119225025177
0.119043111801
0.11901307106
0.118721008301
0.118982076645
0.118969917297
0.119117021561
0.118721008301
0.118903160095
0.11908698082
0.118870019913
0.118669033051
0.119118928909
0.119072914124
0.118911981583
0.118721008301
0.118964195251
0.119021892548
0.118772029877
0.119142055511
0.118771791458
0.119174003601
0.119047880173
0.118674993515
0.119233846664
0.118626117706
0.118849992752
0.118840932846
0.119268894196
0.119055986404
0.118885040283
0.119158983231
0.118942975998
0.119165897369
0.118811845779
0.119211912155
0.11945104599
0.118713140488
0.118703126907
0.1189930439
0.118805885315
0.118755102158
0.118680000305
0.118721008301
0.118810176849
0.118795871735
0.118816137314
0.118686914444
0.11888217926
0.118669033051
0.118730068207
0.118641853333
0.119473934174
0.118746995926
0.119016170502
0.118773937225
0.118900060654
0.118674039841
0.118676185608
0.118928909302
0.118808984756
0.118703126907
0.118691921234
0.118671894073
0.118691921234
0.11870098114
0.118769168854
0.118690013885
0.118753910065
0.11870598793
0.118762016296
0.119104146957
0.118613958359
0.118901968002
0.118682861328
0.119219064713
0.118827104568
0.118852853775
0.118919849396
0.118725061417
0.119174003601
0.119134902954
0.119225978851
0.118762969971
0.119214057922
0.118831157684
0.118613958359
0.118777990341
0.118995904922
0.118674993515
0.11905002594
0.118645191193
0.118716955185
0.119086027145
0.118817090988
0.118938922882
0.11873292923
0.119149923325
0.118859052658
0.119282007217
0.118669986725
0.118649959564
0.118592977524
0.119026899338
0.11904501915
0.118715047836
0.11891913414
0.118790864944
0.118716001511
0.118739128113
0.118680953979
0.118756055832
0.118883132935
0.118716955185
0.1188621521
0.118886947632
0.119343996048
0.11904001236
0.119083881378
0.119297981262
0.118547916412
0.118581056595
0.118704080582
0.118840932846
0.118687868118
0.118682146072
0.118938922882
0.118678092957
0.119117975235
0.119297981262
0.118673086166
0.118712902069
0.118651866913
0.118724822998
0.118777036667
0.118813037872
0.118818998337
0.119107961655
0.11912894249
0.118936061859
0.118673801422
0.118778944016
0.118895053864
0.118939876556
0.11871099472
0.118773937225
0.118837833405
0.118808984756
0.118706941605
0.119113922119
0.118729114532
0.118788003922
0.11877322197
0.11873292923
0.118684053421
0.118901014328
0.118873119354
0.11890411377
0.118648052216
0.118735074997
0.119053125381
0.118937015533
0.118947982788
0.119126081467
0.119168996811
0.118774175644
0.118891954422
0.11873292923
0.118689060211
0.119044780731
0.118733167648
0.118741035461
0.11866402626
0.118714809418
0.11871099472
0.118715047836
0.118813991547
0.118761062622
0.11908197403
0.118700027466
0.118864059448
0.119043111801
0.119014024734
0.119059085846
0.118728876114
0.11925983429
0.118786096573
0.118689060211
0.118718862534
0.118740081787
0.118769884109
0.118734836578
0.118646860123
0.119171857834
0.118777036667
0.119289159775
0.118723154068
0.11885881424
0.118652105331
0.118980169296
0.118708133698
0.118719100952
0.118738889694
0.118673801422
0.118943929672
0.118805170059
0.118667125702
0.118809223175
0.119203805923
0.119513034821
0.119328975677
0.11872792244
0.119083166122
0.118988990784
0.118792057037
0.118771076202
0.118787050247
0.118744850159
0.118690013885
0.118688106537
0.118748903275
0.119052171707
0.118818044662
0.119230031967
0.118965148926
0.118749856949
0.118923902512
0.118667125702
0.118771076202
0.119323968887
0.118670940399
0.119102954865
0.119149208069
0.118983030319
0.118807077408
0.118927955627
0.118709087372
0.118916988373
0.119072198868
0.118989944458
0.119064092636
0.118827104568
0.119076967239
0.118751049042
0.118906021118
0.118830919266
0.119757890701
0.118764877319
0.118687152863
0.118698120117
0.118633031845
0.119042873383
0.1186439991
0.119057178497
0.119184017181
0.118718862534
0.120370149612
0.118627071381
0.11870098114
0.118665933609
0.118709087372
0.118767023087
0.118678092957
0.118746995926
0.119101047516
0.119047164917
0.118684053421
0.119082927704
0.118701934814
0.119151115417
0.119311094284
0.118682146072
0.118728876114
0.119424104691
0.118887901306
0.118741035461
0.118809938431
0.118678092957
0.118749856949
0.118761062622
0.118856906891
0.118798971176
0.118856906891
0.11883687973
0.118798971176
0.119028091431
0.118618965149
0.118809223175
0.118638038635
0.118601083755
0.119236946106
0.118630170822
0.118652105331
0.118706941605
0.118978023529
0.118841171265
0.11868596077
0.118709087372
0.11865401268
0.118771076202
0.118790864944
0.118649959564
0.118655920029
0.118921995163
0.119168996811
0.118666172028
0.118667840958
0.119027137756
0.118658781052
0.118853092194
0.119072914124
0.118805885315
0.118736028671
0.119176864624
0.119049072266
0.118767023087
0.11878991127
0.118763923645
0.118872880936
0.118967056274
0.118942975998
0.118758916855
0.118829011917
0.119140863419
0.118987083435
0.118926048279
0.118900060654
0.118828058243
0.118809938431
0.11897110939
0.118881940842
0.119258880615
0.118651866913
0.11870598793
0.118824005127
0.118803024292
0.11881685257
0.119179010391
0.118937969208
0.118762016296
0.118741989136
0.118916034698
0.119035005569
0.118725061417
0.118717908859
0.118959903717
0.119048833847
0.118950128555
0.118795871735
0.118952989578
0.118679046631
0.118918895721
0.118999004364
0.118681907654
0.119113922119
0.118739128113
0.118771076202
0.118657827377
0.118767976761
0.119191884995
0.118760108948
0.118720054626
0.11874294281
0.118704080582
0.118773937225
0.119002819061
0.118633985519
0.118843078613
0.118724107742
0.118719100952
0.118832111359
0.118920087814
0.11914396286
0.118906974792
0.118817090988
0.119056940079
0.119081020355
0.118651866913
0.118746995926
0.118908882141
0.118918895721
0.118748903275
0.118658065796
0.118681907654
0.118726015091
0.118996858597
0.11914396286
0.118749856949
0.118704080582
0.118722915649
0.118589878082
0.11910700798
0.119119167328
0.118752002716
0.118813991547
0.119022846222
0.118672132492
0.119114875793
0.11881518364
0.118644952774
0.118768930435
0.118796110153
0.118633985519
0.118638038635
0.118766069412
0.11900806427
0.119196176529
0.118874073029
0.11917591095
0.11871099472
0.118835926056
0.11906504631
0.118704080582
0.118896007538
0.11900305748
0.118892908096
0.11870098114
0.118825912476
0.118752002716
0.118875026703
0.118813991547
0.118660926819
0.118660926819
0.118700027466
0.118659973145
0.118973970413
0.118680000305
0.118720054626
0.118610858917
0.118725061417
0.118787050247
0.11891913414
0.119187831879
0.119085073471
0.118824958801
0.11917591095
0.119261980057
0.118791103363
0.118786096573
0.118780851364
0.118957996368
0.118899106979
0.118996143341
0.118927001953
0.118798971176
0.118628978729
0.119097948074
0.118896961212
0.118709087372
0.118988990784
0.118714809418
0.118844985962
0.119109153748
0.118795871735
0.11868596077
0.119121074677
0.118885993958
0.118999004364
0.118746995926
0.1186439991
0.11862206459
0.118838071823
0.118638038635
0.11862206459
0.118910074234
0.11870598793
0.118599176407
0.118949174881
0.119307041168
0.119144201279
0.11917591095
0.118686914444
0.118802070618
0.118780851364
0.119073867798
0.1187748909
0.118731975555
0.118671894073
0.118791103363
0.118946075439
0.118764877319
0.119264125824
0.118610143661
0.119215011597
0.118964195251
0.118860006332
0.11891412735
0.118773937225
0.118680000305
0.119004011154
0.119105815887
0.11888885498
0.118687868118
0.119184017181
0.119088172913
0.119067907333
0.118637084961
0.118868112564
0.118772983551
0.118839025497
0.118664979935
0.119189023972
0.118614912033
0.119067907333
0.119111061096
0.118811130524
0.118802070618
0.118758916855
0.118876934052
0.118802070618
0.118692159653
0.118717908859
0.118726015091
0.119132995605
0.118758201599
0.118703126907
0.118746995926
0.118785142899
0.118680000305
0.119119882584
0.11868596077
0.119070053101
0.118912935257
0.118643045425
0.118695020676
0.118674039841
0.118695020676
0.118619918823
0.118875980377
0.118739128113
0.118716001511
0.118918180466
0.118790149689
0.118782043457
0.118643045425
0.118695020676
0.1186439991
0.119277000427
0.119332790375
0.118731975555
0.1190969944
0.118752002716
0.118735074997
0.118708848953
0.119278907776
0.118824005127
0.118870019913
0.118890047073
0.118870973587
0.118703126907
0.118696928024
0.11870598793
0.119189977646
0.118803024292
0.11892414093
0.118665933609
0.118695020676
0.119083881378
0.118818044662
0.118633985519
0.118623971939
0.118638038635
0.118779182434
0.118688106537
0.118812084198
0.118775129318
0.11904501915
0.118721008301
0.118757963181
0.118907928467
0.119135856628
0.118852853775
0.118781089783
0.118771076202
0.118856906891
0.119207143784
0.118707895279
0.1186439991
0.119059801102
0.118738889694
0.118721008301
0.119233846664
0.118770122528
0.119162082672
0.118680000305
0.118703842163
0.118683099747
0.118857860565
0.118688821793
0.118698120117
0.118823051453
0.11873793602
0.118597984314
0.118724822998
0.118978023529
0.119240999222
0.119214057922
0.119176864624
0.118798017502
0.118901968002
0.119132995605
0.1187479496
0.118796110153
0.118851900101
0.119534015656
0.118704080582
0.118731975555
0.118769884109
0.119158983231
0.118679046631
0.119184017181
0.119106054306
0.118954896927
0.119220018387
0.118728876114
0.119102954865
0.118973970413
0.118791103363
0.119031906128
0.118738889694
0.118726015091
0.118767023087
0.118741989136
0.118804931641
0.118714809418
0.118841171265
0.119154930115
0.118707895279
0.118739843369
0.11931681633
0.118939876556
0.119071006775
0.119298934937
0.118746042252
0.118722200394
0.118746042252
0.118813037872
0.11887383461
0.118777036667
0.118739128113
0.11872792244
0.118897199631
0.118827104568
0.118867874146
0.119244098663
0.118781089783
0.118819952011
0.119103908539
0.118758916855
0.118703842163
0.118731021881
0.118676185608
0.118781805038
0.118745088577
0.118729114532
0.118631124496
0.118773937225
0.118716001511
0.119134902954
0.118697166443
0.119178056717
0.118645191193
0.118688106537
0.118751049042
0.118801832199
0.11865401268
0.119225978851
0.118752002716
0.118971824646
0.119233846664
0.118631839752
0.119048118591
0.118793964386
0.118760824203
0.118833065033
0.1187748909
0.118716955185
0.118905067444
0.118838071823
0.119120121002
0.118957042694
0.118736028671
0.118839025497
0.118720054626
0.118627071381
0.119092226028
0.118676900864
0.118666887283
0.118885993958
0.119215011597
0.119156122208
0.119337081909
0.118880033493
0.119098186493
0.119319915771
0.119302988052
0.119077920914
0.118731021881
0.119038105011
0.119156122208
0.118827104568
0.11879491806
0.118736028671
0.118806838989
0.119101047516
0.118803977966
0.118729114532
0.118741035461
0.118731975555
0.118736982346
0.118832111359
0.119184970856
0.11870598793
0.118721008301
0.118957996368
0.118752002716
0.119231939316
0.119006872177
0.11910200119
0.119266986847
0.119086027145
0.118815898895
0.118751049042
0.118768930435
0.118823051453
0.118979930878
0.118832111359
0.11886882782
0.118939161301
0.119085073471
0.118870019913
0.118743896484
0.119381904602
0.119189977646
0.118681192398
0.118787050247
0.118850946426
0.118866920471
0.118828058243
0.118825912476
0.118777990341
0.119200944901
0.118619203568
0.11883020401
0.1188621521
0.118800878525
0.119291067123
0.118606090546
0.118996143341
0.119102954865
0.118654966354
0.118752002716
0.118581056595
0.118674039841
0.118758916855
0.118915081024
0.118774175644
0.118772029877
0.118681192398
0.118637084961
0.118788003922
0.119266986847
0.118731021881
0.118829011917
0.118782997131
0.118735074997
0.118752002716
0.118790149689
0.119256019592
0.119079113007
0.119204998016
0.118818998337
0.119287014008
0.119071006775
0.118755817413
0.118656873703
0.118640184402
0.118843078613
0.118753910065
0.118785858154
0.119267225266
0.119224071503
0.118796110153
0.11874294281
0.118604898453
0.11865401268
0.118823051453
0.118827819824
0.118783950806
0.118680000305
0.118897914886
0.11873793602
0.118880033493
0.118861913681
0.118717908859
0.118799209595
0.118743181229
0.118803977966
0.118715047836
0.118663072586
