0.19985294342
0.199853897095
0.199846982956
0.199804067612
0.199946880341
0.199970006943
0.200023889542
0.199734926224
0.199772119522
0.199862003326
0.199790000916
0.199679136276
0.199764966965
0.199794054031
0.19998383522
0.199763059616
0.199763059616
0.19972205162
0.199792146683
0.199892997742
0.199814081192
0.199589014053
0.200078964233
0.199654102325
0.199679136276
0.199767112732
0.19984793663
0.199800014496
0.199829101562
0.199743032455
0.19969201088
0.199755191803
0.199923992157
0.199994087219
0.199774026871
0.199769020081
0.199787139893
0.199732065201
0.199723005295
0.199838161469
0.199712991714
0.199753046036
0.199821949005
0.199723005295
0.199833869934
0.199745178223
0.199753046036
0.199732065201
0.199711084366
0.199820041656
0.199838876724
0.199778079987
0.199840068817
0.199730157852
0.199724912643
0.199693918228
0.199813127518
0.199656963348
0.19971704483
0.199779033661
0.199714899063
0.199754953384
0.19973897934
0.200042009354
0.199784994125
0.199744939804
0.199702978134
0.199877977371
0.199765920639
0.199826955795
0.199796915054
0.200021982193
0.199733972549
0.199795007706
0.199803113937
0.19973897934
0.199683904648
0.199714899063
0.199975967407
0.199995994568
0.199609994888
0.199830055237
0.199856042862
0.199672937393
0.199815988541
0.199820995331
0.200011968613
0.199904203415
0.199898004532
0.1997859478
0.199758052826
0.199788808823
0.199778079987
0.199807882309
0.1997590065
0.199710845947
0.19974398613
0.199801921844
0.199774026871
0.199873209
0.199716091156
0.199899196625
0.199687004089
0.199640989304
0.19980597496
0.199932098389
0.199750900269
0.199809074402
0.199898958206
0.19969201088
0.19969701767
0.199918031693
0.199702978134
0.199807882309
0.199774980545
0.199748039246
0.19981098175
0.199666023254
0.199680089951
0.1997590065
0.199758052826
0.19975399971
0.199770927429
0.199836015701
0.199840068817
0.19987487793
0.19972205162
0.199872016907
0.199795007706
0.199681043625
0.199790000916
0.199826002121
0.199909925461
0.199810028076
0.199710845947
0.199844837189
0.199739933014
0.199739933014
0.199707984924
0.199728012085
0.199772119522
0.199775934219
0.199867010117
0.20011305809
0.199774980545
0.199687004089
0.199872016907
0.199771881104
0.199765920639
0.199822187424
0.199981927872
0.199763059616
0.199984073639
0.199733018875
0.19970703125
0.199735879898
0.199705123901
0.199763059616
0.199772119522
0.199804782867
0.199985980988
0.199836015701
0.199686050415
0.199801921844
0.199774980545
0.199764966965
0.199679136276
0.1997859478
0.199720144272
0.199747085571
0.19980597496
0.199770927429
0.199674129486
0.199780225754
0.199768066406
0.199793815613
0.199796915054
0.19971203804
0.199739933014
0.199733018875
0.199763059616
0.199790000916
0.199736118317
0.20015501976
0.199779987335
0.199753046036
0.199787139893
0.199726104736
0.199753046036
0.199769020081
0.199661970139
0.199713945389
0.199733018875
0.199846029282
0.199745893478
0.199890136719
0.19980597496
0.199710130692
0.199856042862
0.199853897095
0.199798107147
0.199733018875
0.199818849564
0.199775934219
0.199723005295
0.199754953384
0.199757099152
0.199652910233
0.199762821198
0.199771165848
0.199747085571
0.199897050858
0.199623823166
0.199681997299
0.199923992157
0.199775934219
0.199862957001
0.199661016464
0.199703931808
0.199778079987
0.199680089951
0.199831962585
0.199754953384
0.199753046036
0.199664831161
0.200028181076
0.199965000153
0.19981098175
0.199774026871
0.199738025665
0.199779987335
0.199712991714
0.199750185013
0.199744939804
0.19974398613
0.199653148651
0.199732065201
0.199775934219
0.19971704483
0.199799060822
0.199730873108
0.199682950974
0.199769973755
0.199725866318
0.199754953384
0.199821949005
0.199666023254
0.199730157852
0.199706077576
0.199778795242
0.199820041656
0.199803113937
0.199725866318
0.19975399971
0.199693918228
0.19970703125
0.199739933014
0.199741125107
0.199737071991
0.199715137482
0.199753046036
0.199777126312
0.19976401329
0.199802875519
0.199851989746
0.199778079987
0.199730873108
0.19976401329
0.199990987778
0.199745178223
0.199860095978
0.199841022491
0.19979596138
0.199739933014
0.199874162674
0.199800014496
0.199664115906
0.199708938599
0.199760913849
0.20001077652
0.199775934219
0.199794054031
0.199794054031
0.199725866318
0.199989080429
0.200001001358
0.1996281147
0.199705123901
0.199781894684
0.199841022491
0.199746847153
0.199761867523
0.199729919434
0.199789047241
0.19973897934
0.199668884277
0.199735879898
0.199778079987
0.199856042862
0.199737071991
0.199724197388
0.199838876724
0.199815034866
0.199736118317
0.199725866318
0.19971704483
0.199756145477
0.19997882843
0.199887037277
0.199867963791
0.199747085571
0.199713945389
0.199699878693
0.199824810028
0.19978094101
0.199720859528
0.199945926666
0.199834108353
0.199769973755
0.199704885483
0.199769973755
0.199877977371
0.199820041656
0.199810028076
0.199815034866
0.19975399971
0.199948072433
0.199776172638
0.199734926224
0.199755191803
0.199863195419
0.199699163437
0.199736118317
0.199783086777
0.19981098175
0.199844837189
0.199868917465
0.199743032455
0.199685811996
0.199717998505
0.199809074402
0.200134038925
0.199872970581
0.199784040451
0.199776887894
0.19983792305
0.199886083603
0.19982790947
0.199908971786
0.199815988541
0.199825048447
0.199747085571
0.199859142303
0.199742794037
0.199808835983
0.199868917465
0.199622869492
0.199789047241
0.199698925018
0.199755907059
0.199901103973
0.199775934219
0.199855804443
0.199917078018
0.199983119965
0.199717998505
0.199836969376
0.199823141098
0.19984793663
0.19975399971
0.199781179428
0.199727058411
0.199745178223
0.199699878693
0.199742078781
0.199872016907
0.199806928635
0.199859857559
0.199730157852
0.199842214584
0.199718952179
0.199637889862
0.19980096817
0.199740886688
0.199656963348
0.19981098175
0.199734926224
0.199910163879
0.19974899292
0.200001955032
0.199702978134
0.200088024139
0.199737071991
0.199853897095
0.199678897858
0.199625968933
0.199697971344
0.199995040894
0.199737071991
0.19971704483
0.19984292984
0.199667930603
0.199729919434
0.199698925018
0.199750185013
0.199807167053
0.199820995331
0.199918985367
0.19978094101
0.199732780457
0.199789047241
0.199836969376
0.199729919434
0.199861049652
0.199809074402
0.199723958969
0.200037002563
0.199913024902
0.199736118317
0.199975013733
0.199757099152
0.199679136276
0.199713945389
0.199751853943
0.199679136276
0.199670791626
0.199800014496
0.199867010117
0.199843883514
0.199723005295
0.199795007706
0.199773073196
0.199781894684
0.199814081192
0.199846982956
0.199761867523
0.199702978134
0.199824094772
0.199777841568
0.199758052826
0.199803113937
0.199922084808
0.199781179428
0.1997859478
0.199754953384
0.19971203804
0.199657917023
0.199779987335
0.199758052826
0.199725151062
0.199848890305
0.199812173843
0.199819803238
0.199682950974
0.199753046036
0.199731826782
0.199882030487
0.199995040894
0.199745893478
0.199836015701
0.199836015701
0.199850082397
0.199863195419
0.199730873108
0.199729919434
0.199892044067
0.199845075607
0.199790000916
0.19986987114
0.19975399971
0.199737071991
0.199704885483
0.199758052826
0.199743032455
0.199801206589
0.199816942215
0.199845075607
0.199707984924
0.199769020081
0.199934959412
0.199738025665
0.199804067612
0.199841022491
0.199819087982
0.199824810028
0.199810028076
0.199719905853
0.200046062469
0.199697971344
0.199681043625
0.199681997299
0.199775218964
0.199987888336
0.199873209
0.199841976166
0.199855804443
0.19974899292
0.199774026871
0.19978094101
0.200003147125
0.199725866318
0.199844837189
0.199714899063
0.199855089188
0.199756145477
0.19967007637
0.199733018875
0.19974899292
0.199751853943
0.199871063232
0.199838876724
0.199733972549
0.199779987335
0.199770212173
0.199804067612
0.199853897095
0.199880838394
0.199845075607
0.199922084808
0.199901819229
0.199782133102
0.199836015701
0.199760198593
0.200495958328
0.199769020081
0.19984793663
0.19987988472
0.199820995331
0.2000041008
0.199802875519
0.199821949005
0.199867963791
0.199857950211
0.199757099152
0.199885129929
0.199923992157
0.199963092804
0.200129985809
0.199816942215
0.199836969376
0.199751853943
0.199909925461
0.199846029282
0.199828863144
0.199806928635
0.199788093567
0.199797868729
0.199900865555
0.199747085571
0.199743032455
0.199784040451
0.199933052063
0.19984292984
0.199867963791
0.199901819229
0.199821949005
0.199841976166
0.199898004532
0.199814081192
0.19985294342
0.1997590065
0.199751853943
0.199763059616
0.19985294342
0.199762105942
0.199758052826
0.199791908264
0.199725151062
0.199836015701
0.199817180634
0.199821949005
0.19978094101
0.199887990952
0.199822902679
0.199866056442
0.199983119965
0.199744939804
0.199777126312
0.199905872345
0.199859142303
0.199739217758
0.199774026871
0.200068950653
0.199759960175
0.199864864349
0.199805021286
0.199873924255
0.199799060822
0.199831008911
0.199783086777
0.199861049652
0.199769973755
0.199872016907
0.199828863144
0.199913978577
0.19989490509
0.199892997742
0.199802160263
0.199824094772
0.199918985367
0.199799060822
0.200005054474
0.19978094101
0.199743032455
0.199844837189
0.19983792305
0.199823856354
0.199859857559
0.199846982956
0.200070858002
0.200064897537
0.199814081192
0.19989490509
0.199846982956
0.199912071228
0.199959039688
0.19982790947
0.200085878372
0.200060129166
0.200138092041
0.199887037277
0.200020074844
0.199930906296
0.200095891953
0.200104951859
0.199976205826
0.199942111969
0.20018196106
0.199917078018
0.199908971786
0.199898958206
0.199867963791
0.19988489151
0.199952125549
0.199830055237
0.199816942215
0.199898958206
0.200005054474
0.199773073196
0.200016021729
0.199950933456
0.199886083603
0.199888944626
0.199922084808
0.200046062469
0.19996881485
0.199939012527
0.199934959412
0.199831008911
0.199968099594
0.200284957886
0.199940919876
0.199939012527
0.199990034103
0.199926137924
0.200193881989
0.199892997742
0.199914932251
0.199919939041
0.199952840805
0.200169086456
0.200038909912
0.199903011322
0.19984793663
0.199826002121
0.200073003769
0.199826955795
0.200921058655
0.199987888336
0.199882984161
0.199939012527
0.199800014496
0.199892044067
0.199897050858
0.199820995331
0.200020074844
0.200066804886
0.199851989746
0.199893951416
0.199897050858
0.199890136719
0.199856042862
0.199825048447
0.199819087982
0.199975013733
0.199962854385
0.199900865555
0.199916124344
0.199985027313
0.199814081192
0.200240135193
0.200031042099
0.199844837189
0.199869155884
0.199928045273
0.199914932251
0.199995994568
0.200184106827
0.199860095978
0.199838161469
0.199824810028
0.199952840805
0.199799060822
0.199820995331
0.199913024902
0.19985294342
0.200015068054
0.199868917465
0.19983291626
0.199780225754
0.199996948242
0.19993686676
0.19996714592
0.200148105621
0.200103998184
0.199974060059
0.199966192245
0.200284004211
0.19980096817
0.199954032898
0.199784994125
0.199954986572
0.199821949005
0.19984793663
0.199853181839
0.199887037277
0.199944019318
0.199883937836
0.199933767319
0.199931144714
0.200016975403
0.200109004974
0.199903964996
0.199871063232
0.199862003326
0.199910163879
0.199862957001
0.199855089188
0.19989490509
0.199880838394
0.199929952621
0.19984793663
0.200032949448
0.199927091599
0.199932098389
0.199831008911
0.200090169907
0.199784994125
0.199910879135
0.199813842773
0.199861049652
0.199831008911
0.199835062027
0.199867010117
0.199989080429
0.199954986572
0.199908018112
0.199917078018
0.199790000916
0.199898004532
0.199970006943
0.199919223785
0.200052976608
0.199882984161
0.199869155884
0.199881076813
0.199872970581
0.199980020523
0.199822187424
0.199862957001
0.199931144714
0.199794054031
0.199846982956
0.199789047241
0.199829816818
0.19980597496
0.199823856354
0.199914932251
0.199796915054
0.199835062027
0.199890136719
0.20005106926
0.199835062027
0.199847221375
0.199746847153
0.199829101562
0.199950933456
0.199775934219
0.199918985367
0.199918985367
0.199938058853
0.199914932251
0.199905157089
0.1997590065
0.199822902679
0.1999168396
0.199848890305
0.199876070023
0.199872970581
0.199882984161
0.200134992599
0.200072050095
0.200141906738
0.199964046478
0.199880123138
0.199974060059
0.200256824493
0.200020074844
0.199985980988
0.199954986572
0.20001411438
0.200163125992
0.199928045273
0.199987888336
0.199946880341
0.199936151505
0.199815034866
0.200206041336
0.199876785278
0.199867963791
0.199882984161
0.199926137924
0.200130939484
0.200086116791
0.200067996979
0.200278043747
0.200144052505
0.199757814407
0.199980974197
0.199867963791
0.199900150299
0.200158119202
0.199956178665
0.199887990952
0.199826955795
0.199978113174
0.200138092041
0.200017929077
0.199905157089
0.19985294342
0.199942111969
0.199836015701
0.199846982956
0.199866056442
0.199825048447
0.199898958206
0.199890851974
0.199799060822
0.199879169464
0.199848175049
0.199864864349
0.199911117554
0.199826955795
0.199950933456
0.199851036072
0.199843883514
0.199862003326
0.199797868729
0.199990034103
0.199873209
0.199932098389
0.199903964996
0.199913024902
0.199886798859
0.200018882751
0.199954986572
0.19991517067
0.199857950211
0.199916124344
0.19987487793
0.199880123138
0.199790000916
0.199904203415
0.199973106384
0.199874162674
0.19993686676
0.199882030487
0.199833154678
0.199776887894
0.199900865555
0.19981098175
0.199912071228
0.200089931488
0.200067996979
0.199990034103
0.199982881546
0.199891805649
0.199949026108
0.199935913086
0.200049877167
0.200016975403
0.199912071228
0.199848890305
0.199954032898
0.19997882843
0.199907064438
0.199944019318
0.199918985367
0.199918985367
0.199879169464
0.199939966202
0.200100898743
0.200065135956
0.199837207794
0.199959039688
0.199851036072
0.199868917465
0.199882984161
0.199926137924
0.199914932251
0.199924230576
0.199891805649
0.199892997742
0.200114965439
0.200059890747
0.199761152267
0.199932098389
0.199845075607
0.199897050858
0.199953079224
0.199896097183
0.199906110764
0.199909925461
0.199815034866
0.200016975403
0.199985980988
0.199865818024
0.199923992157
0.199831008911
0.199892044067
0.199769973755
0.199880838394
0.199851989746
0.199825048447
0.199969053268
0.199919939041
0.199790000916
0.199815034866
0.199957132339
0.200048923492
0.199866056442
0.199812173843
0.199877977371
0.199745893478
0.19986987114
0.199940919876
0.199941158295
0.200022935867
0.200057983398
0.199988126755
0.199836969376
0.199881076813
0.199924945831
0.199872016907
0.199887990952
0.199751853943
0.199998140335
0.199982881546
0.19987988472
0.199927091599
0.199970006943
0.199960947037
0.199891090393
0.199814081192
0.199868202209
0.199898958206
0.199882030487
0.199988126755
0.199926137924
0.199814081192
0.199886083603
0.199897050858
0.199787139893
0.199839830399
0.199880123138
0.200387954712
0.200136899948
0.199898004532
0.199933052063
0.199864149094
0.200176000595
0.199956893921
0.199887990952
0.199942111969
0.199864149094
0.200063943863
0.199798107147
0.199784994125
0.199826955795
0.199895858765
0.199994087219
0.199997186661
0.199942827225
0.199833154678
0.199954986572
0.199920892715
0.199882030487
0.19985294342
0.199745893478
0.199855089188
