0.0856380462646
0.0851809978485
0.085165977478
0.0850729942322
0.0853431224823
0.0853550434113
0.0852789878845
0.0854439735413
0.0853629112244
0.0854508876801
0.0854821205139
0.0854389667511
0.0849850177765
0.0849919319153
0.0849640369415
0.0850470066071
0.0849001407623
0.0853931903839
0.0848400592804
0.0848979949951
0.0849068164825
0.0848989486694
0.0851109027863
0.085765838623
0.0850570201874
0.0849900245667
0.0850441455841
0.0848190784454
0.0846128463745
0.0846710205078
0.0846900939941
0.0847239494324
0.0845279693604
0.0848140716553
0.0845098495483
0.0846359729767
0.0845649242401
0.0846221446991
0.0847358703613
0.0849349498749
0.0848569869995
0.0846168994904
0.0847868919373
0.0846529006958
0.0846378803253
0.0846228599548
0.0846509933472
0.0846450328827
0.0845799446106
0.0846710205078
0.0846390724182
0.0847589969635
0.0848939418793
0.084755897522
0.0846178531647
0.0845901966095
0.0845239162445
0.0848670005798
0.0846700668335
0.0847761631012
0.0846841335297
0.0847189426422
0.0849559307098
0.08469414711
0.0847799777985
0.0848178863525
0.0847980976105
0.0847039222717
0.0848889350891
0.0848960876465
0.0846700668335
0.0848619937897
0.0846838951111
0.0848109722137
0.0846679210663
0.0847020149231
0.0848870277405
0.0848500728607
0.084743976593
0.0848560333252
0.08460688591
0.0848369598389
0.0847849845886
0.0846509933472
0.0847430229187
0.0847499370575
0.0848119258881
0.0848290920258
0.0846779346466
0.0847330093384
0.0847141742706
0.0848748683929
0.084753036499
0.0846610069275
0.0846719741821
0.0846428871155
0.0845508575439
0.0847098827362
0.0847570896149
0.0846810340881
0.0846869945526
0.0847508907318
0.084734916687
0.0848979949951
0.0847370624542
0.0847020149231
0.0847070217133
0.0846061706543
0.0848197937012
0.0847039222717
0.0846889019012
0.0847160816193
0.0846948623657
0.0847129821777
0.0846841335297
0.0847201347351
0.0846228599548
0.0847220420837
0.0847260951996
0.0847618579865
0.0846331119537
0.084655046463
0.0847129821777
0.0845959186554
0.0845398902893
0.0845758914948
0.084645986557
0.0846438407898
0.0847289562225
0.0846168994904
0.0846390724182
0.0848379135132
0.0848369598389
0.0846438407898
0.0847051143646
0.0846269130707
0.0848660469055
0.0847389698029
0.0846898555756
0.0846240520477
0.0846621990204
0.0846891403198
0.0846238136292
0.0848190784454
0.0847370624542
0.0847351551056
0.0848507881165
0.0846829414368
0.0846910476685
0.084547996521
0.0847120285034
0.0846300125122
0.084627866745
0.0846509933472
0.0847330093384
0.0846588611603
0.0846571922302
0.0846199989319
0.0847330093384
0.0848870277405
0.0848801136017
0.084764957428
0.0852830410004
0.0846710205078
0.0846831798553
0.084801197052
0.0848729610443
0.0846769809723
0.0846230983734
0.0847039222717
0.0846879482269
0.0847070217133
0.0846998691559
0.0846319198608
0.0847959518433
0.0849242210388
0.08464884758
0.0846500396729
0.084762096405
0.0848028659821
0.0847399234772
0.0847730636597
0.0846009254456
0.0847120285034
0.0847599506378
0.0847890377045
0.0848350524902
0.084625005722
0.0847430229187
0.0848171710968
0.0845530033112
0.0846080780029
0.0848391056061
0.0846660137177
0.0847380161285
0.0848729610443
0.0847039222717
0.0846660137177
0.0848209857941
0.0846960544586
0.0846650600433
0.0846128463745
0.084578037262
0.0853250026703
0.0847890377045
0.0847249031067
0.0846920013428
0.0847480297089
0.0846178531647
0.0846149921417
0.0846431255341
0.0850040912628
0.0847229957581
0.0847010612488
0.0845808982849
0.0846180915833
0.0846400260925
0.0846598148346
0.0847859382629
0.0846140384674
0.0847949981689
0.0846657752991
0.0846679210663
0.084625005722
0.0847980976105
0.0846481323242
0.0847489833832
0.0847029685974
0.0848090648651
0.0846879482269
0.0847611427307
0.0846920013428
0.0846230983734
0.0846221446991
0.0847058296204
0.0847449302673
0.0846149921417
0.0846431255341
0.0847811698914
0.0846638679504
0.0847170352936
0.084664106369
0.0846800804138
0.0848021507263
0.084774017334
0.0850849151611
0.0846750736237
0.0846540927887
0.0845930576324
0.0846939086914
0.0845971107483
0.0845820903778
0.0846378803253
0.0846800804138
0.0846540927887
0.0845820903778
0.0845539569855
0.0846099853516
0.0847139358521
0.0846800804138
0.0846149921417
0.0847229957581
0.0846788883209
0.0848450660706
0.0849640369415
0.0847060680389
0.0847618579865
0.0845890045166
0.0846831798553
0.0846629142761
0.0848090648651
0.0847229957581
0.0847520828247
0.0846199989319
0.0846590995789
0.0846529006958
0.0848882198334
0.084746837616
0.0846428871155
0.0847601890564
0.0847539901733
0.0848250389099
0.0846080780029
0.0846529006958
0.0845620632172
0.0846869945526
0.084804058075
0.0846610069275
0.0846848487854
0.084618806839
0.0847358703613
0.0846331119537
0.0846428871155
0.0846438407898
0.0848181247711
0.0846009254456
0.0849361419678
0.0848429203033
0.0847117900848
0.0846819877625
0.0846691131592
0.084673166275
0.0849571228027
0.0846869945526
0.0847179889679
0.0847017765045
0.0846309661865
0.0846211910248
0.0847971439362
0.0847930908203
0.0848019123077
0.0846519470215
0.0846750736237
0.0846171379089
0.0846390724182
0.0847461223602
0.0846090316772
0.0846819877625
0.0846149921417
0.0846531391144
0.0847060680389
0.0847320556641
0.0847589969635
0.0847249031067
0.0847179889679
0.0847299098969
0.0846929550171
0.0847361087799
0.0846519470215
0.0846171379089
0.084625005722
0.0848369598389
0.0846650600433
0.0847339630127
0.084657907486
0.084645986557
0.0846939086914
0.0846519470215
0.084853887558
0.0847828388214
0.0846090316772
0.0846221446991
0.0849311351776
0.084568977356
0.0845959186554
0.0847668647766
0.0847010612488
0.0846219062805
0.0846350193024
0.0847699642181
0.084636926651
0.0846121311188
0.0846319198608
0.0845749378204
0.0847358703613
0.0847480297089
0.0847311019897
0.084655046463
0.0845801830292
0.0846230983734
0.0846681594849
0.0845642089844
0.0847158432007
0.0846130847931
0.0846481323242
0.0847280025482
0.0846478939056
0.0845820903778
0.0846588611603
0.0847699642181
0.0845680236816
0.084615945816
0.0845818519592
0.0846199989319
0.0846610069275
0.0847289562225
0.0847251415253
0.0847141742706
0.0847630500793
0.0847351551056
0.0845849514008
0.0845739841461
0.0846230983734
0.084743976593
0.0845460891724
0.0845549106598
0.0845909118652
0.0845949649811
0.0847020149231
0.0846490859985
0.084568977356
0.084755897522
0.0846838951111
0.0847771167755
0.0846829414368
0.0846300125122
0.0846390724182
0.0846629142761
0.0845711231232
0.0846869945526
0.0846471786499
0.0846629142761
0.0847549438477
0.0846891403198
0.0847480297089
0.0847160816193
0.0846948623657
0.0846371650696
0.0846059322357
0.0846130847931
0.0844769477844
0.0846490859985
0.0846688747406
0.0846168994904
0.084615945816
0.0846040248871
0.0845820903778
0.0847880840302
0.0847249031067
0.0845749378204
0.0845980644226
0.0848698616028
0.0847809314728
0.0846979618073
0.0846590995789
0.0846788883209
0.0846381187439
0.0846309661865
0.0846519470215
0.0845749378204
0.0846910476685
0.0846629142761
0.0845589637756
0.0846180915833
0.0846378803253
0.0847849845886
0.0846920013428
0.0845658779144
0.0846059322357
0.0846319198608
0.084682226181
0.0846309661865
0.0845918655396
0.0847358703613
0.08460688591
0.0847017765045
0.0847909450531
0.0846309661865
0.0851199626923
0.0846011638641
0.0845639705658
0.0846800804138
0.0846722126007
0.0845830440521
0.0846338272095
0.0845789909363
0.0846080780029
0.0846638679504
0.0846080780029
0.084636926651
0.0847430229187
0.0845658779144
0.0846898555756
0.0846190452576
0.0845918655396
0.0846800804138
0.0845880508423
0.0845799446106
0.0846948623657
0.0848140716553
0.0847151279449
0.084596157074
0.0850911140442
0.0850548744202
0.0850508213043
0.0847470760345
0.0846228599548
0.0847470760345
0.0846018791199
0.0846989154816
0.0846469402313
0.0846328735352
0.0847020149231
0.0848138332367
0.0845901966095
0.0846719741821
0.0845830440521
0.0846190452576
0.0849039554596
0.0847120285034
0.0850689411163
0.0846700668335
0.0847148895264
0.0847821235657
0.0846619606018
0.0848441123962
0.0847201347351
0.0845980644226
0.0848140716553
0.0846428871155
0.0846891403198
0.084716796875
0.0846190452576
0.0849041938782
0.0848932266235
0.0847299098969
0.0847198963165
0.0846040248871
0.0847601890564
0.0846819877625
0.0846362113953
0.0846631526947
0.0846769809723
0.0847151279449
0.0846858024597
0.0846138000488
0.084755897522
0.0846707820892
0.0847461223602
0.0848319530487
0.0847079753876
0.085077047348
0.0848271846771
0.0846650600433
0.0846500396729
0.0846681594849
0.0846629142761
0.0849599838257
0.0846748352051
0.0847029685974
0.084596157074
0.0846478939056
0.0846261978149
0.084597826004
0.0848670005798
0.0846898555756
0.0848100185394
0.0848100185394
0.0847630500793
0.0846920013428
0.084725856781
0.0846240520477
0.0846300125122
0.0848920345306
0.0846970081329
0.0848081111908
0.0846309661865
0.0846581459045
0.0847630500793
0.0846178531647
0.0846469402313
0.0846891403198
0.0846688747406
0.0846691131592
0.0846469402313
0.0847210884094
0.0846960544586
0.0846538543701
0.0846569538116
0.0846128463745
0.0846300125122
0.0847010612488
0.084627866745
0.0848431587219
0.0846509933472
0.0848379135132
0.0846779346466
0.0846810340881
0.0845921039581
0.0848190784454
0.0846021175385
0.0847089290619
0.084743976593
0.0846650600433
0.0847260951996
0.0848309993744
0.0848660469055
0.0846970081329
0.0846209526062
0.0848069190979
0.0846450328827
0.0846030712128
0.0847039222717
0.0846590995789
0.0846729278564
0.0846970081329
0.0845971107483
0.0845808982849
0.0846471786499
0.0846970081329
0.0846998691559
0.0849390029907
0.0847899913788
0.0846569538116
0.0845868587494
0.0847191810608
0.0846281051636
0.0845668315887
0.0845210552216
0.0846710205078
0.0845930576324
0.0845880508423
0.0846741199493
0.0846440792084
0.0845651626587
0.0846569538116
0.0846629142761
0.0846519470215
0.084655046463
0.0845959186554
0.0849058628082
0.0847179889679
0.0846312046051
0.0845880508423
0.0845890045166
0.0845611095428
0.0846018791199
0.0848169326782
0.0846800804138
0.0850920677185
0.0846238136292
0.0845460891724
0.0845420360565
0.0848140716553
0.084655046463
0.0846090316772
0.0846240520477
0.0845828056335
0.0846500396729
0.084780216217
0.084645986557
0.0846869945526
0.084575176239
0.0845777988434
0.0847342014313
0.0846500396729
0.0845642089844
0.0846481323242
0.0845289230347
0.0847368240356
0.0846548080444
0.0846090316772
0.0846350193024
0.0846481323242
0.0845420360565
0.0845639705658
0.0846660137177
0.0847990512848
0.0846660137177
0.0846359729767
0.0846970081329
0.0848169326782
0.08464884758
0.0846121311188
0.0846509933472
0.0846149921417
0.0847151279449
0.0846478939056
0.0846168994904
0.0845940113068
0.0846219062805
0.0846259593964
0.0845999717712
0.084655046463
0.0847427845001
0.084664106369
0.0845601558685
0.0848250389099
0.0848641395569
0.0847218036652
0.0846881866455
0.0845968723297
0.0845079421997
0.0846140384674
0.0847220420837
0.0847928524017
0.084657907486
0.0846838951111
0.084557056427
0.0847671031952
0.08460521698
0.084547996521
0.0847001075745
0.0847189426422
0.0845630168915
0.0846409797668
0.0846469402313
0.0847380161285
0.0846211910248
0.0845499038696
0.0845839977264
0.0845818519592
0.0845999717712
0.0846529006958
0.0846500396729
0.0848851203918
0.0847029685974
0.0847890377045
0.0845429897308
0.0846099853516
0.0845730304718
0.0845789909363
0.0848278999329
0.0846018791199
0.084615945816
0.0846400260925
0.0846199989319
0.0846781730652
0.0845670700073
0.0846309661865
0.0846819877625
0.0846490859985
0.0845861434937
0.0846490859985
0.0846419334412
0.084596157074
0.0847301483154
0.084664106369
0.0845670700073
0.0846388339996
0.0845799446106
0.0847527980804
0.0846679210663
0.084615945816
0.0846672058105
0.084664106369
0.0845839977264
0.0847289562225
0.0848948955536
0.0845918655396
0.0845561027527
0.084636926651
0.0846350193024
0.0845999717712
0.084762096405
0.0845470428467
0.08460688591
0.0846400260925
0.0846791267395
0.0845918655396
0.084685087204
0.0845010280609
0.0847129821777
0.0846800804138
0.0847189426422
0.0847508907318
0.0845749378204
0.0846390724182
0.0846529006958
0.0845811367035
0.0846338272095
0.0846560001373
0.0846009254456
0.0846879482269
0.0845911502838
0.084627866745
0.0846879482269
0.0846769809723
0.084545135498
0.0846581459045
0.0847220420837
0.0845720767975
0.0845608711243
0.0846478939056
0.0847170352936
0.0846531391144
0.0846869945526
0.0847508907318
0.0846729278564
0.0846600532532
0.084753036499
0.0846128463745
0.0846269130707
0.0846281051636
0.08460521698
0.0845370292664
0.0848801136017
0.084724187851
0.0846259593964
0.0847520828247
0.0847017765045
0.0846951007843
0.0847189426422
0.0847699642181
0.0848829746246
0.0847179889679
0.0845930576324
0.0846490859985
0.0845799446106
0.0847198963165
0.0845899581909
0.0846149921417
0.0845859050751
0.0846788883209
0.0846419334412
0.084547996521
0.084655046463
0.0845470428467
0.0845940113068
0.0846180915833
0.0847520828247
0.0845770835876
0.0846741199493
0.0846500396729
0.0846319198608
0.0848498344421
0.0845539569855
0.0845639705658
0.0847969055176
0.0845649242401
0.0847389698029
0.0846891403198
0.0847539901733
0.084597826004
0.0845561027527
0.0845680236816
0.084685087204
0.0845930576324
0.0846419334412
0.0845739841461
0.0846080780029
0.0847051143646
0.0847539901733
0.0846290588379
0.0846471786499
0.0846779346466
0.0846037864685
0.0846590995789
0.0848140716553
0.0846681594849
0.0845968723297
0.0846889019012
0.0845417976379
0.0846638679504
0.0845940113068
0.0847427845001
0.0845890045166
0.0845890045166
0.0846431255341
0.0845718383789
0.0847010612488
0.0849759578705
0.084568977356
0.0846350193024
0.084676027298
0.084645986557
0.0845589637756
0.0846269130707
0.084851026535
0.0845539569855
0.0847101211548
0.0846829414368
0.0846619606018
0.0846788883209
0.0846757888794
0.0845952033997
0.0846409797668
0.0846531391144
0.084625005722
0.0845530033112
0.0846960544586
0.0846099853516
0.0846910476685
0.0846719741821
0.0846800804138
0.0845899581909
0.0845789909363
0.0846869945526
0.0845868587494
0.0846030712128
0.0846171379089
0.08478307724
0.0846259593964
0.084801197052
0.084676027298
0.0846138000488
0.0847051143646
0.0851559638977
0.0845761299133
0.0846300125122
0.0846819877625
0.0846791267395
0.0846261978149
0.0846259593964
0.0846970081329
0.0846819877625
0.0846240520477
0.0846190452576
0.0845968723297
0.0846281051636
0.0846431255341
0.084587097168
0.0847051143646
0.0846209526062
0.0847179889679
0.0845890045166
0.0847599506378
0.0845940113068
0.0846879482269
0.0846769809723
0.0846359729767
0.0846190452576
0.0847098827362
0.0846569538116
0.0849449634552
0.0848088264465
0.0846021175385
0.0846149921417
0.0846800804138
0.0846800804138
0.0846209526062
0.0845658779144
0.0846300125122
0.0846171379089
0.0848128795624
0.0845820903778
0.084578037262
0.0845620632172
0.0850839614868
0.0847129821777
0.0846819877625
0.0850160121918
0.0845799446106
0.0846219062805
0.0848460197449
0.084625005722
0.0846600532532
0.0845501422882
0.0846090316772
0.0846140384674
0.0846631526947
0.084568977356
0.0846209526062
0.0846650600433
0.0845880508423
0.0846440792084
0.0846869945526
0.0846190452576
0.0846290588379
0.0846648216248
0.0847039222717
0.0847139358521
0.084645986557
0.0846111774445
0.0845580101013
0.0845918655396
0.0845990180969
0.0846199989319
0.0847020149231
0.0846672058105
0.0846421718597
0.0847339630127
0.084538936615
0.0847010612488
0.0847141742706
0.0845911502838
0.0852589607239
0.0845470428467
0.0846710205078
0.084645986557
0.0847051143646
0.0846059322357
0.0846431255341
0.0845680236816
0.0845539569855
0.0845911502838
0.084625005722
0.0846791267395
0.0847339630127
0.0846018791199
0.0846400260925
0.0846600532532
0.0848801136017
0.0846209526062
0.0846478939056
0.0845899581909
0.084774017334
0.0847339630127
0.0845789909363
0.0846629142761
0.0845518112183
0.084743976593
0.0845820903778
0.0845971107483
0.0846078395844
0.0845351219177
0.0846681594849
0.0846509933472
0.084676027298
0.0847761631012
0.0845930576324
0.0846569538116
0.084578037262
0.0846819877625
0.0845999717712
0.0846769809723
0.0845808982849
0.0845668315887
0.0848100185394
0.0846841335297
