0.123888015747
0.123486995697
0.123042106628
0.123563766479
0.123329162598
0.123187065125
0.123299121857
0.123320102692
0.123105049133
0.122899055481
0.123204946518
0.122916936874
0.123600959778
0.123179912567
0.122987031937
0.123468875885
0.123160123825
0.123044967651
0.122910022736
0.122675895691
0.12256193161
0.123049020767
0.122871875763
0.12290096283
0.122513055801
0.122607946396
0.122638940811
0.122691869736
0.122709035873
0.122886180878
0.122637987137
0.122634887695
0.122649908066
0.12266087532
0.122773885727
0.122632026672
0.122648954391
0.122794151306
0.122663974762
0.12264418602
0.122759819031
0.122652053833
0.122621059418
0.122660160065
0.122588157654
0.122648000717
0.122684001923
0.122889995575
0.122647047043
0.122763156891
0.122712135315
0.122631072998
0.122774839401
0.122668027878
0.12272810936
0.122756004333
0.122658967972
0.122693061829
0.122761011124
0.122927904129
0.122709035873
0.122708082199
0.122735977173
0.122658014297
0.122850894928
0.122736930847
0.122606039047
0.122677087784
0.122704029083
0.122793912888
0.122685194016
0.122622966766
0.122642993927
0.122928142548
0.122742891312
0.122730016708
0.122695922852
0.122697114944
0.122783899307
0.122771024704
0.122699975967
0.122714042664
0.122628211975
0.122799873352
0.12265586853
0.122628927231
0.122766971588
0.122702121735
0.12285399437
0.122758150101
0.122708797455
0.122677087784
0.122739076614
0.122698068619
0.122607946396
0.122778892517
0.122638940811
0.122637987137
0.122688055038
0.122630834579
0.122747898102
0.122678995132
0.122755050659
0.122703075409
0.123095035553
0.122823953629
0.122673988342
0.12265586853
0.122588157654
0.122716903687
0.123108863831
0.122713804245
0.122916936874
0.122787952423
0.122643947601
0.122764110565
0.122656822205
0.122659921646
0.123026132584
0.122768878937
0.122689962387
0.122656106949
0.122786045074
0.122786045074
0.122959136963
0.122711896896
0.122607946396
0.122995853424
0.123319864273
0.122680902481
0.122892141342
0.122879981995
0.122700929642
0.122764825821
0.122581005096
0.122848987579
0.12282705307
0.122716188431
0.122611999512
0.122684955597
0.122857093811
0.122826099396
0.12281703949
0.122953891754
0.122667074203
0.122835874557
0.122725963593
0.122652053833
0.122663021088
0.122622013092
0.122782945633
0.122812986374
0.122596025467
0.122905015945
0.122708797455
0.12265586853
0.122781038284
0.122663974762
0.122630834579
0.122819900513
0.122843980789
0.122789144516
0.1226978302
0.122649908066
0.122706890106
0.122622013092
0.122843027115
0.122671842575
0.122788190842
0.12294793129
0.122668027878
0.122824907303
0.12274312973
0.122698068619
0.122639894485
0.122811079025
0.12261390686
0.122843027115
0.122647047043
0.122862100601
0.122648000717
0.122671127319
0.122868061066
0.122950077057
0.122816085815
0.122685909271
0.122709989548
0.122675895691
0.122632980347
0.122663021088
0.122766971588
0.122802019119
0.122668981552
0.12277007103
0.122714042664
0.122698068619
0.122752189636
0.122644901276
0.122745037079
0.122750997543
0.122646093369
0.122801065445
0.122698068619
0.12279009819
0.122684001923
0.122828960419
0.122617959976
0.122710943222
0.122714996338
0.122833013535
0.122704029083
0.122691869736
0.122761011124
0.122796058655
0.122829914093
0.122727870941
0.122637987137
0.122750997543
0.122766017914
0.122740983963
0.122634887695
0.122745990753
0.12268614769
0.122706890106
0.12274479866
0.122714996338
0.123156070709
0.122683048248
0.12286901474
0.122786998749
0.122720956802
0.122640132904
0.122802972794
0.122678995132
0.122641086578
0.122643947601
0.122820854187
0.122637033463
0.122719049454
0.122749090195
0.122740983963
0.122640132904
0.122813940048
0.122715950012
0.122689962387
0.122570991516
0.122776031494
0.122615098953
0.122726917267
0.123332977295
0.122663021088
0.122803926468
0.122670173645
0.122587919235
0.122624158859
0.122806072235
0.122671842575
0.122691869736
0.122756004333
0.122606039047
0.122684001923
0.122663974762
0.122627973557
0.122631072998
0.122625827789
0.122694015503
0.12266087532
0.122737884521
0.122578859329
0.122690200806
0.122594833374
0.122665882111
0.12260389328
0.122677087784
0.12279510498
0.122877120972
0.122612953186
0.122685909271
0.122652053833
0.122673034668
0.122579097748
0.122601032257
0.122701883316
0.122669219971
0.122768163681
0.122576951981
0.122568130493
0.122614145279
0.12257194519
0.122699022293
0.122859954834
0.122641801834
0.122587919235
0.122675895691
0.122649908066
0.122796058655
0.122687101364
0.122703075409
0.122639894485
0.122625112534
0.122797966003
0.12282705307
0.122629165649
0.122622013092
0.122577905655
0.122726917267
0.122673988342
0.122750997543
0.122721910477
0.122600078583
0.122627019882
0.122626066208
0.122570037842
0.122640132904
0.122649908066
0.122586011887
0.122841835022
0.122737884521
0.122633934021
0.122570037842
0.122631072998
0.1226541996
0.122629165649
0.122674942017
0.122822999954
0.122758150101
0.122845888138
0.12295293808
0.122708082199
0.122674226761
0.122619152069
0.122741222382
0.122802972794
0.122983932495
0.122826099396
0.12274813652
0.122735023499
0.122637987137
0.122795820236
0.122626066208
0.122670888901
0.123120069504
0.12258887291
0.12265586853
0.122863054276
0.122699975967
0.122642993927
0.122802019119
0.122636079788
0.122663021088
0.122665882111
0.122622966766
0.122761011124
0.122875928879
0.12268781662
0.122667074203
0.122632026672
0.122727155685
0.122863054276
0.122720956802
0.122679948807
0.122863054276
0.12273311615
0.122651815414
0.122757911682
0.122878074646
0.122725009918
0.122744083405
0.12261390686
0.122648954391
0.122774124146
0.12285900116
0.122610807419
0.122740983963
0.122900009155
0.122668981552
0.122804880142
0.122547864914
0.122841835022
0.122752904892
0.122678995132
0.122635126114
0.122646093369
0.122658014297
0.122608184814
0.122677087784
0.122653007507
0.122810125351
0.122745037079
0.122649908066
0.12264418602
0.122710943222
0.122736215591
0.122700929642
0.122600793839
0.122575044632
0.122775793076
0.122560024261
0.122587203979
0.122684001923
0.1227247715
0.122690916061
0.12259721756
0.122668981552
0.122630834579
0.122762918472
0.122930049896
0.122718811035
0.122714996338
0.122671842575
0.122820854187
0.122626066208
0.122587203979
0.122668027878
0.122891902924
0.122670888901
0.122676849365
0.122631072998
0.122750997543
0.122787952423
0.122727155685
0.122771024704
0.122648000717
0.122752904892
0.12268781662
0.122847080231
0.122709035873
0.123049020767
0.123142957687
0.122712135315
0.122943162918
0.122805833817
0.122753143311
0.122678041458
0.122667074203
0.122631788254
0.12273979187
0.122740030289
0.122769117355
0.122661828995
0.122647047043
0.122637033463
0.122662067413
0.122568845749
0.122577905655
0.122734069824
0.122539043427
0.122846126556
0.122705936432
0.122707128525
0.122678995132
0.122746944427
0.122673988342
0.12276506424
0.122606992722
0.122703075409
0.122745990753
0.122763872147
0.122762918472
0.122848987579
0.12278008461
0.122802972794
0.122814893723
0.122622966766
0.122597932816
0.122807979584
0.122876882553
0.123008012772
0.122753143311
0.122811079025
0.12272310257
0.122917890549
0.122630119324
0.12273812294
0.122626066208
0.122611999512
0.122630834579
0.122840881348
0.122730016708
0.122811079025
0.122726917267
0.122640132904
0.122625827789
0.122751951218
0.122672080994
0.122774839401
0.122823953629
0.122866153717
0.122602939606
0.122693061829
0.122784852982
0.122861146927
0.122839927673
0.122616052628
0.122702121735
0.122655153275
0.122687101364
0.1228120327
0.122680187225
0.122612953186
0.122779846191
0.122716903687
0.122656106949
0.122797966003
0.122701883316
0.122568845749
0.122764110565
0.122644901276
0.122730016708
0.122630834579
0.122684955597
0.122710943222
0.122699022293
0.122653961182
0.122637033463
0.122798204422
0.122846126556
0.122906923294
0.122725963593
0.122654914856
0.122646808624
0.12263417244
0.122674942017
0.122893095016
0.122625827789
0.122703075409
0.122596025467
0.122688055038
0.122746944427
0.122627019882
0.122712135315
0.1226811409
0.12266087532
0.1225669384
0.122687101364
0.122678995132
0.122819900513
0.122670173645
0.12259888649
0.1226811409
0.122800111771
0.122655153275
0.122585058212
0.122807025909
0.122760057449
0.122959852219
0.122727155685
0.122756004333
0.122713088989
0.12279009819
0.122630119324
0.122637033463
0.12264585495
0.122699022293
0.12282204628
0.122638940811
0.122680187225
0.122684955597
0.122707128525
0.122622966766
0.122847080231
0.122632026672
0.122627973557
0.122747898102
0.122843027115
0.122643947601
0.122772932053
0.122835874557
0.12264418602
0.122689962387
0.122627973557
0.122655153275
0.122761011124
0.122725963593
0.122615098953
0.122663974762
0.122606039047
0.122632980347
0.122648954391
0.122684955597
0.122673988342
0.122694969177
0.123052835464
0.122720003128
0.122673034668
0.122720956802
0.122641086578
0.122678041458
0.122735977173
0.122640132904
0.122930049896
0.122774124146
0.122657060623
0.122759103775
0.122650146484
0.122669935226
0.12277007103
0.122619867325
0.122596979141
0.122673988342
0.123039007187
0.122584819794
0.122654914856
0.122725009918
0.122786998749
0.122700929642
0.122648954391
0.122671842575
0.122887134552
0.122781991959
0.12281703949
0.122642040253
0.122762203217
0.122692108154
0.122871875763
0.122991800308
0.12260389328
0.122716903687
0.122806072235
0.122794866562
0.122673988342
0.122812986374
0.122642040253
0.122673988342
0.122706890106
0.122717142105
0.122875213623
0.122656106949
0.122632980347
0.122655153275
0.122760057449
0.12286901474
0.122692108154
0.122987031937
0.122671842575
0.123109102249
0.122638940811
0.122699975967
0.122611999512
0.122856140137
0.122572898865
0.122884988785
0.12274312973
0.122714042664
0.122715950012
0.122725009918
0.122636079788
0.122898817062
0.122815132141
0.122658014297
0.122872114182
0.122672080994
0.122697114944
0.122694969177
0.122615814209
0.122849941254
0.122688770294
0.122668981552
0.12282204628
0.12310385704
0.122890949249
0.122658014297
0.122709035873
0.122661113739
0.12269115448
0.122583150864
0.12259888649
0.12285399437
0.122735023499
0.12260890007
0.122706890106
0.122727155685
0.122825145721
0.12277007103
0.122763156891
0.122672080994
0.122637987137
0.122779846191
0.122614145279
0.12274813652
0.1226978302
0.12292599678
0.122928857803
0.122856140137
0.122697114944
0.122687101364
0.122808933258
0.122632980347
0.122682094574
0.12277507782
0.12263417244
0.122658967972
0.122640132904
0.122617959976
0.122851133347
0.122574090958
0.122574090958
0.122704029083
0.122672080994
0.122572183609
0.122579097748
0.122581005096
0.122797966003
0.122565984726
0.122792959213
0.122669935226
0.122658014297
0.122761964798
0.122660160065
0.122731924057
0.122703075409
0.122782230377
0.122639894485
0.122742891312
0.122681856155
0.122652053833
0.122704982758
0.122660160065
0.122653007507
0.122582912445
0.122689962387
0.122653007507
0.12272310257
0.122641086578
0.122809171677
0.122750997543
0.122582912445
0.122683048248
0.122632026672
0.122697114944
0.122671127319
0.122596025467
0.122686862946
0.122651100159
0.122624874115
0.122902154922
0.122747182846
0.122630119324
0.122671842575
0.122829198837
0.122581958771
0.122675895691
0.122663021088
0.122637987137
0.122690916061
0.122740983963
0.122618913651
0.122756004333
0.122828006744
0.122669935226
0.122670173645
0.122627019882
0.122820138931
0.12281703949
0.12292599678
0.122689008713
0.122554063797
0.122828006744
0.122663974762
0.122740030289
0.122709035873
0.122797012329
0.122860908508
0.122694015503
0.122695922852
0.122793912888
0.122815847397
0.1228120327
0.123069047928
0.122824907303
0.122764110565
0.12265586853
0.122768163681
0.12287902832
0.122709989548
0.122873067856
0.122812986374
0.122773170471
0.122704029083
0.12273311615
0.122838973999
0.122708082199
0.12272310257
0.12269616127
0.122682094574
0.12288403511
0.122697114944
0.122622966766
0.122637033463
0.12278008461
0.122673988342
0.122744083405
0.123268127441
0.122737884521
0.122825860977
0.122621059418
0.122826099396
0.122752904892
0.122766971588
0.12279009819
0.12277507782
0.122861146927
0.12287902832
0.122718095779
0.122858047485
0.122929811478
0.122802972794
0.122791051865
0.12272810936
0.122786045074
0.122798919678
0.12321305275
0.122792959213
0.12299489975
0.123074054718
0.122838973999
0.122838020325
0.122787952423
0.122833013535
0.122975826263
0.122882843018
0.122756004333
0.122870922089
0.122972011566
0.123104095459
0.122683048248
0.122792005539
0.122756958008
0.123029947281
0.12270617485
0.122833013535
0.122694969177
0.122638940811
0.123198986053
0.122690200806
0.122868061066
0.122631072998
0.122709035873
0.122744083405
0.122798919678
0.12273311615
0.122689962387
0.122829914093
0.122806072235
0.122663974762
0.122863054276
0.122763872147
0.122692108154
0.122699022293
0.122972011566
0.122652053833
0.122725009918
0.122716903687
0.122900009155
0.122690916061
0.122862100601
0.122810840607
0.122889041901
0.122862100601
0.122684001923
0.122683048248
0.123021125793
0.122874975204
0.122756004333
0.122689008713
0.123058080673
0.12288403511
0.122859954834
0.122720003128
0.122807025909
0.122730970383
0.122696876526
0.122647047043
0.122703075409
0.122776985168
0.122769832611
0.122843980789
0.122709989548
0.122755050659
0.122783899307
0.123082876205
0.122614860535
0.122668981552
0.12273311615
0.122695922852
0.122642040253
0.122683048248
0.122799873352
0.122757911682
0.122763156891
0.122809886932
0.122935056686
0.122775793076
0.122694969177
0.122786998749
0.122738838196
0.122804880142
0.122847080231
0.122644901276
0.12272310257
0.122762918472
0.122767210007
0.122670888901
0.122708082199
0.122712135315
0.122767925262
0.122786045074
0.122752904892
0.122900009155
0.122705936432
0.122760057449
0.122918844223
0.122796058655
0.122640132904
0.122735977173
0.122715950012
0.122709035873
0.12285900116
0.12278008461
0.122941017151
0.1228120327
0.122767210007
0.122699022293
0.122668027878
0.122847080231
0.122897863388
0.122977018356
0.123091220856
0.122863054276
0.122722148895
0.122793912888
0.122850179672
0.122771978378
0.12306189537
0.123043060303
0.122792005539
0.122776985168
0.122833967209
0.122816085815
0.122802019119
0.122848987579
0.122972011566
0.122755050659
0.122671127319
0.122762918472
0.12261390686
0.122648000717
0.122735023499
0.12281703949
0.1226811409
0.122648954391
0.122840881348
0.122775793076
0.122761011124
0.122663974762
0.122839212418
0.122714042664
0.122848987579
0.122773885727
0.123005151749
0.122654914856
0.122744083405
0.122704982758
0.122822999954
0.122736930847
0.122730970383
0.122759103775
0.122776985168
0.122812986374
0.12277007103
0.122730970383
0.122757911682
0.122848987579
0.122753858566
0.122532129288
0.122743844986
0.122694015503
0.122731924057
0.122753858566
0.122857093811
0.122771024704
0.122812986374
0.122797012329
0.122749090195
0.123195886612
0.123053073883
0.123258113861
0.123059034348
0.122745990753
0.122714996338
0.122646093369
0.122751951218
0.122712135315
0.122762203217
0.122717142105
0.122674942017
0.122778892517
0.122660160065
0.122797012329
0.122828960419
