0.0013120174408
0.000891923904419
0.00086498260498
0.000822067260742
0.000725984573364
0.000694990158081
0.000717163085938
0.000695943832397
0.000466823577881
0.000845909118652
0.000607967376709
0.000679969787598
0.000515937805176
0.000510931015015
0.000617980957031
0.000687837600708
0.000618934631348
0.000578880310059
0.000556945800781
0.000509023666382
0.00055980682373
0.00055193901062
0.000514984130859
0.000685930252075
0.000617027282715
0.000607967376709
0.000577926635742
0.000527858734131
0.000514984130859
0.000509023666382
0.000550985336304
0.000545978546143
0.000550985336304
0.000545978546143
0.000504970550537
0.000512838363647
0.000571012496948
0.000553131103516
0.000550031661987
0.000613927841187
0.000541925430298
0.000576019287109
0.000546932220459
0.000508069992065
0.000550031661987
0.000545978546143
0.000549077987671
0.000701904296875
0.000592947006226
0.000516176223755
0.000499963760376
0.000522136688232
0.00059700012207
0.000657081604004
0.000745058059692
0.000732183456421
0.000622034072876
0.000516891479492
0.000545978546143
0.00054407119751
0.000654935836792
0.000638008117676
0.000659942626953
0.000555038452148
0.000607967376709
0.000603914260864
0.000437021255493
0.000648021697998
0.000564098358154
0.00072193145752
0.000694990158081
0.000504016876221
0.000503063201904
0.000432014465332
0.000475883483887
0.000452995300293
0.000581979751587
0.000434875488281
0.000607967376709
0.000597953796387
0.000472068786621
0.000504970550537
0.000416994094849
0.000518798828125
0.000519990921021
0.000433921813965
0.000417232513428
0.000449895858765
0.000495910644531
0.000427961349487
0.000539779663086
0.000523090362549
0.000541925430298
0.000609159469604
0.000735998153687
0.000575065612793
0.000397205352783
0.000454187393188
0.000479936599731
0.000622034072876
0.000501871109009
0.000440835952759
0.000437021255493
0.000509977340698
0.000429153442383
0.000771045684814
0.00059700012207
0.000432014465332
0.000553131103516
0.000509977340698
0.000570058822632
0.000792980194092
0.000548124313354
0.000483989715576
0.000582933425903
0.000451803207397
0.000428915023804
0.000504970550537
0.000476837158203
0.000586986541748
0.000455856323242
0.000508069992065
0.000505208969116
0.000415802001953
0.000603914260864
0.000591993331909
0.000454902648926
0.000499963760376
0.000411033630371
0.000416040420532
0.000432014465332
0.000525951385498
0.00058388710022
0.000458002090454
0.000483989715576
0.000410795211792
0.000543832778931
0.000539064407349
0.000442028045654
0.000541925430298
0.000984907150269
0.000576019287109
0.000597953796387
0.000664949417114
0.000583171844482
0.000583171844482
0.000744104385376
0.000602006912231
0.00053882598877
0.000546932220459
0.000554084777832
0.000712156295776
0.000511884689331
0.000547885894775
0.000424861907959
0.000461101531982
0.000530004501343
0.000457048416138
0.000432968139648
0.000526905059814
0.000645875930786
0.00054407119751
0.000526905059814
0.000510215759277
0.000566005706787
0.000529050827026
0.000636100769043
0.000454902648926
0.000473022460938
0.000680923461914
0.000517129898071
0.000595808029175
0.000638008117676
0.00094199180603
0.000396966934204
0.000500917434692
0.000545978546143
0.000509977340698
0.000549077987671
0.000543117523193
0.00058388710022
0.00079607963562
0.000662088394165
0.000543832778931
0.000622034072876
0.000569105148315
0.000503063201904
0.000598192214966
0.00049901008606
0.000505924224854
0.000578880310059
0.000608205795288
0.000434160232544
0.000519990921021
0.000575065612793
0.000506162643433
0.000509023666382
0.000478982925415
0.000822067260742
0.000625848770142
0.000478029251099
0.000540018081665
0.000436067581177
0.000588178634644
0.000592947006226
0.000549077987671
0.000518083572388
0.000497102737427
0.00054407119751
0.000546932220459
0.000550031661987
0.000547885894775
0.000644207000732
0.000669956207275
0.000694990158081
0.000720024108887
0.00074291229248
0.00055193901062
0.000586986541748
0.000458955764771
0.000604867935181
0.000479936599731
0.000475883483887
0.000586032867432
0.000532865524292
0.000872850418091
0.000533103942871
0.000554084777832
0.00053596496582
0.000771999359131
0.000595092773438
0.000488042831421
0.000524997711182
0.000548124313354
0.000582933425903
0.000505924224854
0.000505924224854
0.00048303604126
0.00056791305542
0.000451803207397
0.000603914260864
0.000744104385376
0.000412225723267
0.000422954559326
0.000457048416138
0.000481128692627
0.00053596496582
0.000518083572388
0.000410079956055
0.000450849533081
0.000863075256348
0.000579833984375
0.000713109970093
0.000524044036865
0.000640869140625
0.000601053237915
0.000578880310059
0.000594139099121
0.000517845153809
0.000559091567993
0.00060510635376
0.00052285194397
0.000423908233643
0.000623226165771
0.000518798828125
0.000497102737427
0.000668048858643
0.000557899475098
0.00062894821167
0.000580072402954
0.000627994537354
0.00056004524231
0.000549793243408
0.000508785247803
0.000455856323242
0.000653028488159
0.000648021697998
0.000686168670654
0.000566005706787
0.000554800033569
0.000722885131836
0.00066876411438
0.00057315826416
0.000705003738403
0.000564098358154
0.000478982925415
0.000468015670776
0.000480175018311
0.000525951385498
0.000690937042236
0.000581979751587
0.00057315826416
0.000540971755981
0.000531911849976
0.000507116317749
0.000549077987671
0.000401020050049
0.000504016876221
0.000562191009521
0.000642061233521
0.000459909439087
0.000529050827026
0.000468969345093
0.000480890274048
0.000460863113403
0.000402212142944
0.000460147857666
0.000419855117798
0.000395059585571
0.000494956970215
0.000631093978882
0.00056004524231
0.00047779083252
0.000473976135254
0.00050687789917
0.000436067581177
0.000801086425781
0.000616788864136
0.000507116317749
0.000504970550537
0.00057315826416
0.000555992126465
0.000545024871826
0.000560998916626
0.000421047210693
0.000415086746216
0.000433921813965
0.000611066818237
0.000555992126465
0.000416040420532
0.000509023666382
0.000507116317749
0.000460863113403
0.000446081161499
0.000519990921021
0.000545978546143
0.000574827194214
0.000550985336304
0.000520944595337
0.00061297416687
0.000584125518799
0.000581026077271
0.000432014465332
0.000550031661987
0.000547885894775
0.000405788421631
0.000434875488281
0.000580072402954
0.000613927841187
0.000545978546143
0.000562906265259
0.000546932220459
0.00112700462341
0.000519990921021
0.000521898269653
0.000534057617188
0.00062108039856
0.000523805618286
0.000540018081665
0.000656127929688
0.00111508369446
0.000529050827026
0.000545978546143
0.000543832778931
0.000431060791016
0.000810861587524
0.000452041625977
0.000545024871826
0.000504970550537
0.000514984130859
0.000545978546143
0.000856876373291
0.000428915023804
0.00047779083252
0.000685930252075
0.000641822814941
0.000508069992065
0.000609874725342
0.000691890716553
0.000432014465332
0.000926971435547
0.000640869140625
0.000672101974487
0.000540971755981
0.000744104385376
0.00054407119751
0.000452041625977
0.00055193901062
0.000550985336304
0.000548124313354
0.000431060791016
0.000463008880615
0.00041389465332
0.000594139099121
0.000471115112305
0.000473976135254
0.00047779083252
0.000507116317749
0.000549793243408
0.00055718421936
0.00049901008606
0.000536918640137
0.000545024871826
0.000511884689331
0.000452995300293
0.000431060791016
0.000494003295898
0.00055718421936
0.000410795211792
0.00054407119751
0.000426769256592
0.000555038452148
0.000679969787598
0.000621795654297
0.000416994094849
0.00048303604126
0.000473022460938
0.00049901008606
0.000579118728638
0.000658988952637
0.000576972961426
0.000540018081665
0.000552892684937
0.000547170639038
0.000569105148315
0.000630855560303
0.000507116317749
0.000503063201904
0.000541925430298
0.00042986869812
0.000504970550537
0.000500917434692
0.000545978546143
0.000543117523193
0.000541925430298
0.000614881515503
0.000664949417114
0.00052809715271
0.000504016876221
0.000519037246704
0.000575065612793
0.000897884368896
0.000504970550537
0.000647068023682
0.000498056411743
0.000527858734131
0.000540971755981
0.000565052032471
0.000899076461792
0.000447988510132
0.000521898269653
0.000449895858765
0.000502109527588
0.000440120697021
0.000453948974609
0.000434160232544
0.00054407119751
0.000478982925415
0.000545024871826
0.00065803527832
0.00100898742676
0.000432014465332
0.000696897506714
0.000599145889282
0.000586032867432
0.00049614906311
0.000527143478394
0.000411033630371
0.000456094741821
0.000437021255493
0.000450134277344
0.000458002090454
0.000433921813965
0.00100016593933
0.000709056854248
0.000622034072876
0.000540971755981
0.000540018081665
0.000470161437988
0.000412940979004
0.000535011291504
0.000540971755981
0.000519037246704
0.000432968139648
0.000454187393188
0.000471115112305
0.000410079956055
0.000616073608398
0.000563859939575
0.000464916229248
0.00045108795166
0.000591039657593
0.000614166259766
0.000597953796387
0.000725030899048
0.000612020492554
0.000428915023804
0.000542879104614
0.00062108039856
0.000432014465332
0.000499963760376
0.000524997711182
0.000458002090454
0.000494956970215
0.000519037246704
0.000522136688232
0.000452041625977
0.000511884689331
0.000498056411743
0.000530004501343
0.000576972961426
0.000574827194214
0.00058388710022
0.000601053237915
0.000646114349365
0.000555038452148
0.000539064407349
0.000523090362549
0.000524044036865
0.000485897064209
0.000428915023804
0.000630140304565
0.000558137893677
0.00047779083252
0.000494956970215
0.00054407119751
0.000566959381104
0.000720024108887
0.000516176223755
0.000484943389893
0.000655174255371
0.000434875488281
0.000519037246704
0.000723123550415
0.00052809715271
0.000502109527588
0.000552177429199
0.000702142715454
0.000619888305664
0.000504970550537
0.000530004501343
0.000458955764771
0.000486135482788
0.000545024871826
0.000505924224854
0.000763177871704
0.000509023666382
0.000693082809448
0.00056004524231
0.000553131103516
0.000600099563599
0.00056791305542
0.000590085983276
0.00069785118103
0.000535011291504
0.000581026077271
0.000608205795288
0.000581979751587
0.000579118728638
0.000716924667358
0.00087308883667
0.00124979019165
0.000543117523193
0.000623941421509
0.000585079193115
0.00055193901062
0.000590085983276
0.000598907470703
0.000503063201904
0.000520944595337
0.000508069992065
0.000507116317749
0.000676870346069
0.000537157058716
0.000498056411743
0.000542163848877
0.000541925430298
0.000504970550537
0.00052285194397
0.000484943389893
0.000476121902466
0.000463008880615
0.000556945800781
0.000538110733032
0.000510931015015
0.000550985336304
0.000566005706787
0.000613927841187
0.000576019287109
0.000433921813965
0.000554084777832
0.000545978546143
0.000546932220459
0.000568151473999
0.000545024871826
0.000499963760376
0.000591039657593
0.000663042068481
0.000668048858643
0.000694990158081
0.000684022903442
0.000707864761353
0.000665187835693
0.000554084777832
0.000563859939575
0.000566959381104
0.000508785247803
0.000864028930664
0.000535011291504
0.000669956207275
0.000545024871826
0.000537872314453
0.000541925430298
0.000525951385498
0.000530004501343
0.000808000564575
0.00050687789917
0.000566959381104
0.000645160675049
0.000646829605103
0.000579833984375
0.000493049621582
0.000547885894775
0.000601053237915
0.000632047653198
0.000573873519897
0.000615119934082
0.000580072402954
0.000660181045532
0.000554084777832
0.000581026077271
0.000529050827026
0.000594854354858
0.000546932220459
0.000550031661987
0.000542879104614
0.000572919845581
0.000698089599609
0.000507831573486
0.00050687789917
0.000566005706787
0.000547885894775
0.000573873519897
0.000537872314453
0.000605821609497
0.000441074371338
0.000543117523193
0.000569820404053
0.000439882278442
0.000514984130859
0.000656127929688
0.000526905059814
0.000640869140625
0.000519990921021
0.000546932220459
0.000576019287109
0.000550031661987
0.00054407119751
0.000547170639038
0.000508069992065
0.000555038452148
0.000901937484741
0.000432014465332
0.000638008117676
0.000688791275024
0.000653982162476
0.000545024871826
0.000531196594238
0.00043797492981
0.00043797492981
0.000552177429199
0.000433206558228
0.000432014465332
0.000547885894775
0.000643014907837
0.000554084777832
0.000653028488159
0.000776052474976
0.00047492980957
0.000627994537354
0.000546932220459
0.000603914260864
0.000531196594238
0.000677108764648
0.000460863113403
0.000581026077271
0.000548839569092
0.000492095947266
0.000453948974609
0.000434160232544
0.00062894821167
0.00062084197998
0.000555038452148
0.000473976135254
0.000555992126465
0.000581979751587
0.000524044036865
0.000543117523193
0.00047492980957
0.000542163848877
0.000418901443481
0.000537872314453
0.000545978546143
0.000547885894775
0.000648021697998
0.000526905059814
0.000548124313354
0.000525951385498
0.000545024871826
0.000746011734009
0.000634908676147
0.000624179840088
0.000684022903442
0.000623941421509
0.000535011291504
0.000657796859741
0.000734090805054
0.000706911087036
0.000609159469604
0.000614881515503
0.000739812850952
0.000620126724243
0.00090503692627
0.00058388710022
0.000598907470703
0.000447034835815
0.000425100326538
0.000558853149414
0.000601053237915
0.000648975372314
0.000883102416992
0.000678062438965
0.000648975372314
0.000569105148315
0.000514984130859
0.000452041625977
0.000793933868408
0.000437021255493
0.000470161437988
0.000492095947266
0.000793218612671
0.000545024871826
0.000693082809448
0.000643014907837
0.000460863113403
0.00049090385437
0.000508069992065
0.000570058822632
0.000494956970215
0.000463008880615
0.000535011291504
0.000509977340698
0.000690937042236
0.000677108764648
0.00061297416687
0.000540971755981
0.000570058822632
0.000599145889282
0.000433921813965
0.000767946243286
0.000530958175659
0.000492095947266
0.000565052032471
0.000457048416138
0.000458955764771
0.000761985778809
0.000492095947266
0.00061297416687
0.000527858734131
0.000563859939575
0.000609874725342
0.000566959381104
0.000441074371338
0.000463008880615
0.000438928604126
0.000445127487183
0.000434875488281
0.000457048416138
0.000462055206299
0.000456094741821
0.000443935394287
0.00065803527832
0.00065803527832
0.00054407119751
0.000571012496948
0.000550031661987
0.000508069992065
0.000461101531982
0.000535011291504
0.000536918640137
0.000461101531982
0.00092601776123
0.000471115112305
0.000574111938477
0.000618934631348
0.00079083442688
0.000640869140625
0.000662088394165
0.000604152679443
0.000576019287109
0.000568866729736
0.000787973403931
0.000536918640137
0.000525951385498
0.000469923019409
0.000571012496948
0.000549077987671
0.000550985336304
0.00056791305542
0.000542163848877
0.000543832778931
0.000545024871826
0.000607013702393
0.000610113143921
0.000516176223755
0.000511169433594
0.000599145889282
0.000636100769043
0.000594854354858
0.000468969345093
0.000515937805176
0.000575065612793
0.000470876693726
0.000508785247803
0.000740051269531
0.000465154647827
0.000505924224854
0.000639915466309
0.000509977340698
0.00066089630127
0.000641822814941
0.000581979751587
0.000607967376709
0.000653982162476
0.00062108039856
0.000560998916626
0.000514984130859
0.000509977340698
0.000673055648804
0.000604867935181
0.000614881515503
0.000607013702393
0.000574111938477
0.000627040863037
0.000518083572388
0.000704050064087
0.00061297416687
0.000607967376709
0.000592947006226
0.000611066818237
0.000795125961304
0.000607967376709
0.000562906265259
0.000558137893677
0.000565052032471
0.000508069992065
0.000657081604004
0.00096607208252
0.000591993331909
0.000602960586548
0.000607013702393
0.000599145889282
0.000591993331909
0.000599145889282
0.000487089157104
0.000545024871826
0.000586986541748
0.000647068023682
0.000503063201904
0.000463962554932
0.000524997711182
0.000621795654297
0.00068998336792
0.000595092773438
0.000619173049927
0.000503063201904
0.000531911849976
0.000515937805176
0.000586032867432
0.000679969787598
0.000497102737427
0.000574111938477
0.000577926635742
0.000586986541748
0.000601053237915
0.000549793243408
0.000824928283691
0.000525951385498
0.000607013702393
0.000507831573486
0.000504970550537
0.000718116760254
0.000556945800781
0.000669002532959
0.000466108322144
0.000508785247803
0.000529050827026
0.000563144683838
0.000509023666382
0.000576972961426
0.000568151473999
0.000509023666382
0.000504016876221
0.00057315826416
0.000649929046631
0.000907182693481
0.000530958175659
0.000505208969116
0.000501871109009
0.000681161880493
0.000545024871826
0.000566005706787
0.000511884689331
0.000530958175659
0.000678062438965
0.00108695030212
0.000624895095825
0.000524044036865
0.000834941864014
0.000476121902466
0.000576972961426
0.00118613243103
0.000802040100098
0.000509977340698
0.000504016876221
0.000572919845581
0.000671148300171
0.000509977340698
0.000458955764771
0.000526189804077
0.000618934631348
0.000604867935181
0.000566005706787
0.000612020492554
0.000602960586548
0.000532865524292
0.000458002090454
0.000442981719971
0.000571012496948
0.000770092010498
0.00079083442688
0.000463008880615
0.000569820404053
0.000504016876221
0.000593900680542
0.000573873519897
0.000571012496948
0.000664949417114
0.000609874725342
0.000459909439087
0.000576019287109
0.000607967376709
0.000581979751587
0.000418901443481
0.000513792037964
0.000561952590942
0.000457048416138
0.000478029251099
0.000481128692627
0.000604152679443
0.000591039657593
0.000542879104614
0.000661134719849
0.000614881515503
0.000519037246704
0.000484943389893
0.000536918640137
0.000741004943848
0.000838994979858
0.000639915466309
0.000602960586548
0.000572204589844
0.00055193901062
0.000486135482788
0.00048303604126
0.000482082366943
0.000566005706787
0.000626087188721
0.000600814819336
0.000478029251099
0.000496864318848
0.000509977340698
0.000583171844482
0.000558853149414
0.000577926635742
0.000571966171265
0.000615119934082
0.000692129135132
0.000633001327515
0.000685930252075
0.000688076019287
0.000655174255371
0.000585079193115
0.000606060028076
0.000473022460938
0.000441074371338
0.000573873519897
0.000771045684814
0.000570058822632
0.000523090362549
