0.00154399871826
0.000792026519775
0.000487804412842
0.000748157501221
0.000756025314331
0.000699043273926
0.000549793243408
0.000567197799683
0.000571012496948
0.000669002532959
0.00052809715271
0.000607013702393
0.000728130340576
0.000488042831421
0.000730991363525
0.000713109970093
0.00058913230896
0.000424861907959
0.00042200088501
0.000431060791016
0.000540018081665
0.000424146652222
0.000432968139648
0.000654935836792
0.00062108039856
0.000609874725342
0.000636100769043
0.000511884689331
0.000511884689331
0.000486850738525
0.000547885894775
0.000526905059814
0.000571012496948
0.000553846359253
0.000396966934204
0.000396966934204
0.000543832778931
0.000622987747192
0.000648975372314
0.000702142715454
0.000684976577759
0.00054407119751
0.000424146652222
0.000421047210693
0.000540971755981
0.000525951385498
0.000476837158203
0.000659942626953
0.000634908676147
0.000509977340698
0.000465869903564
0.000481843948364
0.000566005706787
0.000536918640137
0.00056004524231
0.000560998916626
0.000576019287109
0.000598907470703
0.000555038452148
0.000432968139648
0.000504970550537
0.000552892684937
0.000463008880615
0.000545024871826
0.000521898269653
0.00049090385437
0.000542163848877
0.000558137893677
0.000473022460938
0.000680923461914
0.000545024871826
0.000582933425903
0.000484943389893
0.000540971755981
0.000504016876221
0.00043797492981
0.000427961349487
0.000499963760376
0.000416994094849
0.000559091567993
0.00061297416687
0.000413179397583
0.000552892684937
0.000550985336304
0.000465869903564
0.00056004524231
0.00050687789917
0.000550031661987
0.000506162643433
0.000401973724365
0.000506162643433
0.000535011291504
0.000540971755981
0.000573873519897
0.000579118728638
0.000594854354858
0.00058388710022
0.000610113143921
0.000566959381104
0.00052285194397
0.000442981719971
0.000478982925415
0.000429153442383
0.000511884689331
0.000508069992065
0.000509977340698
0.00071382522583
0.000421047210693
0.000514030456543
0.000453948974609
0.000547885894775
0.00052285194397
0.000481128692627
0.000679969787598
0.000769853591919
0.000423908233643
0.00041389465332
0.000433921813965
0.000545024871826
0.00050687789917
0.000524044036865
0.000449895858765
0.000476121902466
0.000554084777832
0.00054407119751
0.000607967376709
0.000654935836792
0.000411987304688
0.000473022460938
0.000532865524292
0.000586986541748
0.000506162643433
0.000545024871826
0.000592947006226
0.000504970550537
0.000436067581177
0.000504016876221
0.000434160232544
0.000586986541748
0.000618934631348
0.00104689598083
0.000720024108887
0.000509023666382
0.00055193901062
0.00054407119751
0.000532150268555
0.000602006912231
0.000591993331909
0.000645875930786
0.000421047210693
0.000395059585571
0.000699996948242
0.000541925430298
0.00042200088501
0.000422954559326
0.00046181678772
0.000561952590942
0.000526905059814
0.000499963760376
0.000513076782227
0.000546216964722
0.000777006149292
0.00059700012207
0.000531911849976
0.000610113143921
0.00074291229248
0.000580072402954
0.000549077987671
0.000530004501343
0.000591039657593
0.000442028045654
0.000411033630371
0.000756025314331
0.000738859176636
0.000432014465332
0.000416994094849
0.000442981719971
0.000507831573486
0.000543832778931
0.000502824783325
0.000534057617188
0.000641107559204
0.000716924667358
0.000546932220459
0.000542163848877
0.00047492980957
0.000485897064209
0.00052809715271
0.000458002090454
0.000456094741821
0.000525951385498
0.000458002090454
0.000542879104614
0.000416994094849
0.00056004524231
0.000493049621582
0.000471115112305
0.000545978546143
0.000576019287109
0.000442981719971
0.000555038452148
0.000497102737427
0.000579118728638
0.000433206558228
0.000730037689209
0.000597953796387
0.000566005706787
0.000430822372437
0.00062108039856
0.000521898269653
0.000521898269653
0.000648975372314
0.000790119171143
0.000675916671753
0.000663995742798
0.000747919082642
0.000669002532959
0.000710010528564
0.000681161880493
0.000686883926392
0.000510931015015
0.000609874725342
0.000509023666382
0.000509977340698
0.000473022460938
0.000548124313354
0.000606060028076
0.000658988952637
0.00043797492981
0.000653028488159
0.000543832778931
0.000575065612793
0.000573873519897
0.000629186630249
0.000563859939575
0.000487089157104
0.000454902648926
0.000473976135254
0.000819206237793
0.000898838043213
0.000691175460815
0.000533103942871
0.000581026077271
0.000680923461914
0.000518083572388
0.000427007675171
0.000479936599731
0.000395059585571
0.000413179397583
0.000436067581177
0.000545978546143
0.000549077987671
0.000501155853271
0.000584840774536
0.000699996948242
0.000715017318726
0.000598907470703
0.000551223754883
0.000416994094849
0.000457048416138
0.00068998336792
0.000490188598633
0.000427007675171
0.000558853149414
0.000582933425903
0.00045108795166
0.000530958175659
0.000593185424805
0.000788927078247
0.000542879104614
0.000509023666382
0.000564098358154
0.000624179840088
0.00043511390686
0.000546216964722
0.000507831573486
0.000462055206299
0.00059700012207
0.000442981719971
0.000478982925415
0.000533819198608
0.000783920288086
0.000555038452148
0.000535011291504
0.000553131103516
0.000739097595215
0.00068211555481
0.000554800033569
0.000518083572388
0.000570058822632
0.000569105148315
0.000476121902466
0.000432014465332
0.000473976135254
0.000493764877319
0.000519990921021
0.00045919418335
0.000557899475098
0.000411987304688
0.000479936599731
0.000472784042358
0.000557899475098
0.000438928604126
0.000411033630371
0.000530958175659
0.000460863113403
0.000575065612793
0.000529050827026
0.000607013702393
0.000603914260864
0.000673055648804
0.000841856002808
0.000509977340698
0.000508069992065
0.000508069992065
0.000462055206299
0.00088095664978
0.000514984130859
0.000536918640137
0.000453948974609
0.000679969787598
0.000653982162476
0.000556945800781
0.00049901008606
0.000609874725342
0.000560998916626
0.000411987304688
0.000509023666382
0.000488042831421
0.000456094741821
0.000437021255493
0.000477075576782
0.000566005706787
0.000571012496948
0.000533103942871
0.000607967376709
0.000571012496948
0.000550985336304
0.000724792480469
0.000585079193115
0.000564098358154
0.000424146652222
0.000433921813965
0.00050687789917
0.000420093536377
0.000393867492676
0.000505924224854
0.000471115112305
0.000533819198608
0.000542879104614
0.000545978546143
0.000566005706787
0.00123691558838
0.000665187835693
0.000602960586548
0.000505208969116
0.000622987747192
0.000477075576782
0.000559091567993
0.000562191009521
0.000945091247559
0.000805139541626
0.000523805618286
0.00052809715271
0.000545024871826
0.000547885894775
0.000578880310059
0.00050687789917
0.000478029251099
0.000611066818237
0.000546932220459
0.000650882720947
0.000843048095703
0.00053596496582
0.000610113143921
0.000632047653198
0.00059700012207
0.000550985336304
0.000469207763672
0.000489950180054
0.000882863998413
0.00058388710022
0.000534057617188
0.000525951385498
0.00084114074707
0.000548124313354
0.000518083572388
0.000581026077271
0.000542163848877
0.000503063201904
0.000591993331909
0.000565052032471
0.000524997711182
0.000530004501343
0.000599145889282
0.000504970550537
0.000707149505615
0.000627994537354
0.000548124313354
0.000520944595337
0.0005202293396
0.00062084197998
0.00053596496582
0.000430107116699
0.000520944595337
0.000578165054321
0.000574111938477
0.000411033630371
0.000452995300293
0.000426054000854
0.000588178634644
0.000537157058716
0.000632047653198
0.000576019287109
0.000473022460938
0.000560998916626
0.000497817993164
0.00049614906311
0.000602006912231
0.000653982162476
0.000749826431274
0.000690937042236
0.000570058822632
0.000521898269653
0.000563144683838
0.000641107559204
0.000581026077271
0.000444173812866
0.000539064407349
0.000475883483887
0.000509023666382
0.000522136688232
0.000504016876221
0.000586986541748
0.00060510635376
0.000540018081665
0.000642061233521
0.000562906265259
0.00045108795166
0.000614166259766
0.00067400932312
0.000926971435547
0.000430107116699
0.000610113143921
0.000934839248657
0.000462055206299
0.00052285194397
0.000447988510132
0.000427007675171
0.000537157058716
0.000505208969116
0.000555038452148
0.000534057617188
0.000432968139648
0.00054407119751
0.000547885894775
0.000500917434692
0.000500917434692
0.000520944595337
0.000523090362549
0.000473022460938
0.000478982925415
0.000636100769043
0.000527143478394
0.000521183013916
0.000532150268555
0.00049614906311
0.000518798828125
0.000521898269653
0.000417947769165
0.000508069992065
0.000547170639038
0.000502109527588
0.000416994094849
0.000432014465332
0.000427007675171
0.00092601776123
0.00049901008606
0.000539064407349
0.00053882598877
0.000540018081665
0.000415086746216
0.000507116317749
0.000540018081665
0.000545024871826
0.000540971755981
0.000601768493652
0.000580072402954
0.000504016876221
0.000540971755981
0.000535011291504
0.00054407119751
0.00051212310791
0.000717163085938
0.000742197036743
0.000600814819336
0.000540971755981
0.000666856765747
0.000436067581177
0.000601053237915
0.000594139099121
0.000520944595337
0.000415086746216
0.000542879104614
0.000550031661987
0.000411033630371
0.000543117523193
0.000532865524292
0.000565052032471
0.000479936599731
0.000483989715576
0.000524997711182
0.000622987747192
0.000511169433594
0.000626087188721
0.000689029693604
0.000834941864014
0.000506162643433
0.000565052032471
0.000566959381104
0.000536918640137
0.000546216964722
0.000519990921021
0.000511884689331
0.000555038452148
0.000548124313354
0.000508069992065
0.000512838363647
0.000785112380981
0.00133609771729
0.000457048416138
0.000527858734131
0.000542163848877
0.000414133071899
0.000477075576782
0.000606060028076
0.000571012496948
0.000509023666382
0.000458955764771
0.000550031661987
0.000557899475098
0.000526905059814
0.000508069992065
0.000653028488159
0.000508785247803
0.000616073608398
0.00138306617737
0.000953912734985
0.000550985336304
0.000524997711182
0.000550031661987
0.000764131546021
0.00056004524231
0.000491857528687
0.000534057617188
0.000447034835815
0.00061297416687
0.000540018081665
0.000530958175659
0.000652074813843
0.00102114677429
0.00135707855225
0.000656127929688
0.00058913230896
0.000466108322144
0.000640153884888
0.000683069229126
0.000609874725342
0.000436782836914
0.000456809997559
0.000440120697021
0.000568866729736
0.000607013702393
0.000588893890381
0.000483989715576
0.000547885894775
0.000557899475098
0.000568866729736
0.000607967376709
0.000542879104614
0.000505924224854
0.000621795654297
0.000717163085938
0.000602960586548
0.00057315826416
0.00062084197998
0.000540018081665
0.000481843948364
0.000481128692627
0.000530004501343
0.000531911849976
0.000635862350464
0.000547170639038
0.00054407119751
0.000418901443481
0.000417947769165
0.00048303604126
0.000658988952637
0.000664949417114
0.000669002532959
0.000663042068481
0.000690937042236
0.000705003738403
0.000708103179932
0.000527143478394
0.000458955764771
0.000520944595337
0.00101613998413
0.000432968139648
0.000541925430298
0.000539064407349
0.000514984130859
0.000516891479492
0.000456094741821
0.000480175018311
0.000571012496948
0.000421047210693
0.00045108795166
0.000694990158081
0.000530958175659
0.000677108764648
0.00056004524231
0.000571966171265
0.000488996505737
0.000574111938477
0.000569105148315
0.000511169433594
0.000580787658691
0.000653028488159
0.000531196594238
0.000563859939575
0.000581979751587
0.00068998336792
0.000627994537354
0.000549077987671
0.000526189804077
0.000563144683838
0.000677108764648
0.000724077224731
0.000431060791016
0.00052809715271
0.00056791305542
0.000571012496948
0.000539064407349
0.000472068786621
0.000546932220459
0.000447034835815
0.00059986114502
0.000530004501343
0.000581026077271
0.000432968139648
0.000554084777832
0.000539064407349
0.000508069992065
0.000581026077271
0.000683069229126
0.000547885894775
0.000526905059814
0.00054407119751
0.00049614906311
0.000553131103516
0.00101590156555
0.000439167022705
0.000411033630371
0.000502109527588
0.000602006912231
0.000545024871826
0.000479936599731
0.000582933425903
0.000449895858765
0.000615835189819
0.000563144683838
0.000440120697021
0.000510931015015
0.000707149505615
0.000609159469604
0.000657081604004
0.000574827194214
0.000614166259766
0.000545024871826
0.000548124313354
0.000560998916626
0.000617027282715
0.000738143920898
0.000545978546143
0.000542163848877
0.00054407119751
0.000712156295776
0.000502109527588
0.000511169433594
0.000563144683838
0.000540971755981
0.000622034072876
0.000547170639038
0.000537157058716
0.000603914260864
0.000526905059814
0.000542879104614
0.000545024871826
0.000531911849976
0.000612020492554
0.000612020492554
0.00054407119751
0.000549077987671
0.000828981399536
0.000504970550537
0.000541925430298
0.000556945800781
0.000553846359253
0.000545978546143
0.000626087188721
0.000630855560303
0.000577211380005
0.00064492225647
0.000626087188721
0.00071382522583
0.000627040863037
0.000863790512085
0.000658988952637
0.000813007354736
0.000664949417114
0.000626087188721
0.000624895095825
0.00053882598877
0.000591039657593
0.000586032867432
0.000597953796387
0.000670909881592
0.000571966171265
0.000494003295898
0.000589847564697
0.000891923904419
0.00074291229248
0.000624895095825
0.000799179077148
0.000574111938477
0.000587940216064
0.000851154327393
0.000510931015015
0.000553131103516
0.000588893890381
0.00062894821167
0.000555038452148
0.000617980957031
0.00066614151001
0.000519037246704
0.000432968139648
0.000477075576782
0.000491142272949
0.000539064407349
0.000451803207397
0.000580072402954
0.000416994094849
0.000418901443481
0.000614881515503
0.000586986541748
0.000549077987671
0.000591993331909
0.000455856323242
0.000516891479492
0.000645875930786
0.000648021697998
0.000555038452148
0.00051212310791
0.000435829162598
0.000509023666382
0.000786066055298
0.000840187072754
0.000499963760376
0.000516891479492
0.000548124313354
0.000496864318848
0.00051212310791
0.000527858734131
0.000432968139648
0.000517129898071
0.000577926635742
0.000438928604126
0.000586986541748
0.000663995742798
0.000428915023804
0.000434875488281
0.000571966171265
0.000627994537354
0.00067400932312
0.000617027282715
0.000550985336304
0.000531911849976
0.000452041625977
0.000471830368042
0.000571012496948
0.000578880310059
0.000452995300293
0.000624179840088
0.000755786895752
0.00065016746521
0.000576019287109
0.000638008117676
0.000582933425903
0.000598907470703
0.000577926635742
0.000623941421509
0.000653982162476
0.000602960586548
0.000603914260864
0.000602960586548
0.000586986541748
0.000547170639038
0.000566005706787
0.000518083572388
0.000517129898071
0.000524044036865
0.000658988952637
0.000649929046631
0.000493049621582
0.00045919418335
0.000564098358154
0.000484943389893
0.000581026077271
0.000553846359253
0.000566959381104
0.000538110733032
0.000581026077271
0.000592947006226
0.000603914260864
0.000561952590942
0.000617980957031
0.000575065612793
0.000482082366943
0.000647068023682
0.000581026077271
0.000557899475098
0.000585079193115
0.00056004524231
0.00055193901062
0.000515937805176
0.000487089157104
0.000452041625977
0.000431060791016
0.000576019287109
0.000567197799683
0.000566959381104
0.000708103179932
0.000624895095825
0.000619173049927
0.00048303604126
0.000712156295776
0.000602006912231
0.000563859939575
0.000571012496948
0.000463962554932
0.00071907043457
0.000617980957031
0.000499963760376
0.00045108795166
0.000444173812866
0.000517845153809
0.000725030899048
0.000771999359131
0.000601053237915
0.000629901885986
0.000613927841187
0.000599145889282
0.000594139099121
0.00062108039856
0.000604867935181
0.000533819198608
0.000726938247681
0.000555038452148
0.000527143478394
0.000473022460938
0.000597953796387
0.000531196594238
0.00059700012207
0.000617027282715
0.000476837158203
0.000534057617188
0.000479936599731
0.00057315826416
0.000550985336304
0.000503063201904
0.000668048858643
0.000553846359253
0.000585079193115
0.000574827194214
0.000533103942871
0.00052285194397
0.000585079193115
0.000468015670776
0.000586032867432
0.000455856323242
0.000550031661987
0.000461101531982
0.000577926635742
0.000554800033569
0.00058913230896
0.000481128692627
0.000566005706787
0.000457048416138
0.00056791305542
0.000436067581177
0.000442028045654
0.000489950180054
0.000676870346069
0.000569105148315
0.000910043716431
0.000545978546143
0.000477075576782
0.000455856323242
0.000445127487183
0.000452041625977
0.000568866729736
0.000458955764771
0.000577211380005
0.000468969345093
0.00105690956116
0.00048303604126
0.000743865966797
0.000619888305664
0.000591039657593
0.000529050827026
0.000431060791016
0.000878095626831
0.000627040863037
0.000452995300293
0.000452995300293
0.000552892684937
0.00048303604126
0.000568151473999
0.00047492980957
0.000699996948242
0.000760078430176
0.000554084777832
0.000507116317749
0.000573873519897
0.000534057617188
0.000569105148315
0.000657081604004
0.000676870346069
0.000702142715454
0.000866889953613
0.000566959381104
0.000636100769043
0.000444889068604
0.000555038452148
0.000572919845581
0.000571012496948
0.000572919845581
0.000691890716553
0.000691175460815
0.000549793243408
0.000711917877197
0.000580072402954
0.000601053237915
0.000510931015015
0.000624179840088
0.000567197799683
0.000556945800781
0.000540971755981
0.000637054443359
0.000715970993042
0.000584125518799
0.000595808029175
0.000595808029175
0.000676155090332
0.000545024871826
0.000540018081665
0.000571966171265
0.00107908248901
0.00068998336792
0.000638008117676
0.000571012496948
0.000614166259766
0.000509023666382
0.000507116317749
0.000553846359253
0.000530004501343
0.00054407119751
0.000652074813843
0.000552177429199
0.000511884689331
0.000509023666382
0.000503063201904
0.000555038452148
0.000581979751587
0.00057315826416
0.000547885894775
0.000577926635742
0.000576019287109
0.000653982162476
0.000526189804077
0.000579833984375
0.000620126724243
0.00052809715271
0.000562191009521
0.000485181808472
0.00050687789917
0.000747203826904
0.000598907470703
0.000591039657593
